Experiment dir : search-EXP-20200413-045831
04/13 04:58:31 AM gpu device = 0
04/13 04:58:31 AM args = Namespace(arch_learning_rate=0.0003, arch_weight_decay=0.001, batch_size=32, cutout=False, cutout_length=16, data='../data', drop_path_prob=0.3, epochs=50, gpu=0, grad_clip=5, img_cropped_height=32, img_cropped_width=32, init_channels=16, label_data='../data/label_data/', layers=8, learning_rate=0.025, learning_rate_min=0.001, model_path='saved_models', momentum=0.9, report_freq=50, save='search-EXP-20200413-045831', seed=2, train_data='../data/train_data/', train_portion=0.5, unrolled=True, weight_decay=0.0003)
04/13 04:58:34 AM param size = 1.928048MB
04/13 04:58:34 AM epoch 0 lr 2.495266e-02
04/13 04:58:34 AM genotype = Genotype(normal=[('sep_conv_3x3', 1), ('dil_conv_3x3', 0), ('dil_conv_3x3', 1), ('max_pool_3x3', 2), ('dil_conv_5x5', 0), ('skip_connect', 2), ('skip_connect', 3), ('dil_conv_3x3', 1)], normal_concat=range(2, 6), reduce=[('sep_conv_3x3', 0), ('avg_pool_3x3', 1), ('dil_conv_3x3', 1), ('dil_conv_3x3', 2), ('sep_conv_5x5', 0), ('dil_conv_3x3', 3), ('sep_conv_3x3', 4), ('sep_conv_3x3', 2)], reduce_concat=range(2, 6))
tensor([[0.1251, 0.1250, 0.1251, 0.1249, 0.1249, 0.1249, 0.1251, 0.1250],
        [0.1251, 0.1249, 0.1251, 0.1249, 0.1251, 0.1250, 0.1249, 0.1250],
        [0.1250, 0.1251, 0.1250, 0.1249, 0.1250, 0.1249, 0.1250, 0.1251],
        [0.1250, 0.1251, 0.1250, 0.1249, 0.1252, 0.1248, 0.1252, 0.1249],
        [0.1250, 0.1251, 0.1250, 0.1249, 0.1249, 0.1251, 0.1249, 0.1249],
        [0.1249, 0.1252, 0.1249, 0.1249, 0.1248, 0.1249, 0.1251, 0.1253],
        [0.1250, 0.1250, 0.1251, 0.1248, 0.1249, 0.1251, 0.1250, 0.1251],
        [0.1252, 0.1249, 0.1249, 0.1252, 0.1248, 0.1252, 0.1248, 0.1249],
        [0.1253, 0.1251, 0.1251, 0.1248, 0.1248, 0.1251, 0.1250, 0.1248],
        [0.1252, 0.1251, 0.1249, 0.1248, 0.1252, 0.1250, 0.1249, 0.1251],
        [0.1252, 0.1249, 0.1249, 0.1250, 0.1249, 0.1250, 0.1252, 0.1249],
        [0.1251, 0.1250, 0.1248, 0.1250, 0.1250, 0.1250, 0.1250, 0.1251],
        [0.1246, 0.1249, 0.1251, 0.1253, 0.1251, 0.1250, 0.1251, 0.1249],
        [0.1250, 0.1251, 0.1249, 0.1250, 0.1250, 0.1251, 0.1248, 0.1250]],
       device='cuda:0', grad_fn=<SoftmaxBackward>)
tensor([[0.1249, 0.1249, 0.1250, 0.1250, 0.1252, 0.1249, 0.1251, 0.1249],
        [0.1248, 0.1249, 0.1251, 0.1249, 0.1251, 0.1250, 0.1251, 0.1251],
        [0.1251, 0.1251, 0.1250, 0.1250, 0.1251, 0.1250, 0.1248, 0.1250],
        [0.1250, 0.1251, 0.1248, 0.1249, 0.1251, 0.1251, 0.1252, 0.1247],
        [0.1250, 0.1249, 0.1249, 0.1251, 0.1248, 0.1250, 0.1252, 0.1251],
        [0.1249, 0.1250, 0.1252, 0.1247, 0.1249, 0.1253, 0.1250, 0.1250],
        [0.1249, 0.1250, 0.1250, 0.1250, 0.1251, 0.1248, 0.1251, 0.1251],
        [0.1248, 0.1250, 0.1250, 0.1252, 0.1251, 0.1249, 0.1249, 0.1250],
        [0.1248, 0.1250, 0.1250, 0.1252, 0.1250, 0.1249, 0.1252, 0.1249],
        [0.1252, 0.1249, 0.1249, 0.1250, 0.1249, 0.1249, 0.1252, 0.1250],
        [0.1251, 0.1251, 0.1248, 0.1250, 0.1249, 0.1252, 0.1250, 0.1248],
        [0.1249, 0.1249, 0.1249, 0.1249, 0.1252, 0.1251, 0.1251, 0.1250],
        [0.1250, 0.1250, 0.1250, 0.1249, 0.1250, 0.1250, 0.1250, 0.1250],
        [0.1250, 0.1247, 0.1250, 0.1249, 0.1254, 0.1250, 0.1250, 0.1251]],
       device='cuda:0', grad_fn=<SoftmaxBackward>)
/usr/local/lib/python3.5/site-packages/torch/optim/lr_scheduler.py:122: UserWarning: Detected call of `lr_scheduler.step()` before `optimizer.step()`. In PyTorch 1.1.0 and later, you should call them in the opposite order: `optimizer.step()` before `lr_scheduler.step()`.  Failure to do this will result in PyTorch skipping the first value of the learning rate schedule. See more details at https://pytorch.org/docs/stable/optim.html#how-to-adjust-learning-rate
  "https://pytorch.org/docs/stable/optim.html#how-to-adjust-learning-rate", UserWarning)
Input Shape:
torch.Size([32, 3, 32, 32])
Label Shape:
torch.Size([32, 3, 32, 32])



tensor(0.0936, device='cuda:0', grad_fn=<MseLossBackward>)
Input Shape:
torch.Size([32, 3, 32, 32])
Label Shape:
torch.Size([32, 3, 32, 32])



train_search.py:164: UserWarning: torch.nn.utils.clip_grad_norm is now deprecated in favor of torch.nn.utils.clip_grad_norm_.
  nn.utils.clip_grad_norm(model.parameters(), args.grad_clip)
tensor(0.0655, device='cuda:0', grad_fn=<MseLossBackward>)
Input Shape:
torch.Size([32, 3, 32, 32])
Label Shape:
torch.Size([32, 3, 32, 32])



tensor(0.0629, device='cuda:0', grad_fn=<MseLossBackward>)
Input Shape:
torch.Size([3, 3, 32, 32])
Label Shape:
torch.Size([3, 3, 32, 32])



tensor(0.0550, device='cuda:0', grad_fn=<MseLossBackward>)
tensor(0.4501, device='cuda:0')
tensor(0.4501, device='cuda:0')
tensor(0.4501, device='cuda:0')
tensor(0.4501, device='cuda:0')
04/13 05:06:35 AM epoch 1 lr 2.483464e-02
04/13 05:06:35 AM genotype = Genotype(normal=[('sep_conv_3x3', 1), ('dil_conv_3x3', 0), ('sep_conv_3x3', 1), ('sep_conv_5x5', 2), ('sep_conv_5x5', 2), ('sep_conv_5x5', 3), ('sep_conv_3x3', 3), ('dil_conv_5x5', 0)], normal_concat=range(2, 6), reduce=[('sep_conv_3x3', 0), ('avg_pool_3x3', 1), ('dil_conv_3x3', 1), ('skip_connect', 2), ('skip_connect', 2), ('dil_conv_3x3', 3), ('sep_conv_3x3', 4), ('sep_conv_3x3', 2)], reduce_concat=range(2, 6))
tensor([[0.1252, 0.1248, 0.1250, 0.1249, 0.1248, 0.1250, 0.1252, 0.1251],
        [0.1251, 0.1248, 0.1251, 0.1248, 0.1253, 0.1250, 0.1249, 0.1250],
        [0.1252, 0.1250, 0.1250, 0.1249, 0.1251, 0.1248, 0.1251, 0.1249],
        [0.1251, 0.1249, 0.1252, 0.1249, 0.1252, 0.1247, 0.1251, 0.1250],
        [0.1251, 0.1250, 0.1251, 0.1249, 0.1250, 0.1252, 0.1248, 0.1250],
        [0.1251, 0.1250, 0.1248, 0.1249, 0.1249, 0.1250, 0.1251, 0.1251],
        [0.1251, 0.1248, 0.1251, 0.1247, 0.1250, 0.1252, 0.1250, 0.1251],
        [0.1253, 0.1248, 0.1247, 0.1251, 0.1249, 0.1253, 0.1247, 0.1251],
        [0.1254, 0.1249, 0.1249, 0.1246, 0.1249, 0.1253, 0.1250, 0.1249],
        [0.1253, 0.1250, 0.1247, 0.1247, 0.1251, 0.1249, 0.1250, 0.1252],
        [0.1253, 0.1247, 0.1249, 0.1251, 0.1249, 0.1249, 0.1252, 0.1250],
        [0.1252, 0.1248, 0.1249, 0.1251, 0.1250, 0.1250, 0.1249, 0.1251],
        [0.1247, 0.1248, 0.1250, 0.1251, 0.1253, 0.1251, 0.1252, 0.1248],
        [0.1252, 0.1249, 0.1247, 0.1249, 0.1251, 0.1252, 0.1249, 0.1251]],
       device='cuda:0', grad_fn=<SoftmaxBackward>)
tensor([[0.1250, 0.1249, 0.1250, 0.1249, 0.1253, 0.1249, 0.1250, 0.1249],
        [0.1249, 0.1250, 0.1252, 0.1250, 0.1250, 0.1248, 0.1250, 0.1251],
        [0.1251, 0.1250, 0.1249, 0.1250, 0.1252, 0.1250, 0.1250, 0.1249],
        [0.1248, 0.1252, 0.1249, 0.1250, 0.1250, 0.1251, 0.1252, 0.1248],
        [0.1251, 0.1247, 0.1249, 0.1252, 0.1248, 0.1251, 0.1252, 0.1250],
        [0.1250, 0.1250, 0.1251, 0.1249, 0.1249, 0.1252, 0.1250, 0.1250],
        [0.1248, 0.1250, 0.1250, 0.1252, 0.1253, 0.1247, 0.1251, 0.1250],
        [0.1250, 0.1249, 0.1249, 0.1254, 0.1253, 0.1248, 0.1249, 0.1249],
        [0.1250, 0.1249, 0.1249, 0.1251, 0.1248, 0.1250, 0.1253, 0.1249],
        [0.1250, 0.1250, 0.1251, 0.1249, 0.1248, 0.1248, 0.1253, 0.1251],
        [0.1251, 0.1252, 0.1250, 0.1250, 0.1248, 0.1252, 0.1250, 0.1248],
        [0.1249, 0.1249, 0.1249, 0.1249, 0.1253, 0.1249, 0.1250, 0.1251],
        [0.1250, 0.1251, 0.1251, 0.1251, 0.1249, 0.1251, 0.1249, 0.1249],
        [0.1249, 0.1248, 0.1250, 0.1250, 0.1254, 0.1250, 0.1250, 0.1250]],
       device='cuda:0', grad_fn=<SoftmaxBackward>)
train_search.py:192: UserWarning: volatile was removed and now has no effect. Use `with torch.no_grad():` instead.
  input = Variable(input, volatile=True).cuda()
train_search.py:193: UserWarning: volatile was removed and now has no effect. Use `with torch.no_grad():` instead.
  target = Variable(target, volatile=True).cuda(async=True)
Input Shape:
torch.Size([32, 3, 32, 32])
Label Shape:
torch.Size([32, 3, 32, 32])



tensor(0.0542, device='cuda:0', grad_fn=<MseLossBackward>)
Input Shape:
torch.Size([32, 3, 32, 32])
Label Shape:
torch.Size([32, 3, 32, 32])



tensor(0.0489, device='cuda:0', grad_fn=<MseLossBackward>)
Input Shape:
torch.Size([32, 3, 32, 32])
Label Shape:
torch.Size([32, 3, 32, 32])



tensor(0.0444, device='cuda:0', grad_fn=<MseLossBackward>)
Input Shape:
torch.Size([3, 3, 32, 32])
Label Shape:
torch.Size([3, 3, 32, 32])



tensor(0.0539, device='cuda:0', grad_fn=<MseLossBackward>)
tensor(0.4426, device='cuda:0')
tensor(0.4426, device='cuda:0')
tensor(0.4427, device='cuda:0')
tensor(0.4426, device='cuda:0')
04/13 05:14:25 AM epoch 2 lr 2.467010e-02
04/13 05:14:25 AM genotype = Genotype(normal=[('sep_conv_3x3', 1), ('dil_conv_3x3', 0), ('sep_conv_3x3', 0), ('sep_conv_3x3', 1), ('sep_conv_5x5', 2), ('sep_conv_5x5', 3), ('sep_conv_3x3', 3), ('dil_conv_3x3', 1)], normal_concat=range(2, 6), reduce=[('dil_conv_5x5', 1), ('sep_conv_3x3', 0), ('dil_conv_3x3', 1), ('sep_conv_3x3', 0), ('skip_connect', 2), ('sep_conv_3x3', 1), ('sep_conv_3x3', 4), ('sep_conv_3x3', 2)], reduce_concat=range(2, 6))
tensor([[0.1252, 0.1248, 0.1248, 0.1249, 0.1249, 0.1250, 0.1253, 0.1251],
        [0.1251, 0.1246, 0.1251, 0.1248, 0.1254, 0.1248, 0.1250, 0.1251],
        [0.1253, 0.1249, 0.1249, 0.1249, 0.1254, 0.1248, 0.1250, 0.1248],
        [0.1252, 0.1247, 0.1251, 0.1248, 0.1253, 0.1248, 0.1252, 0.1250],
        [0.1252, 0.1248, 0.1250, 0.1250, 0.1251, 0.1251, 0.1247, 0.1251],
        [0.1252, 0.1249, 0.1247, 0.1248, 0.1250, 0.1250, 0.1251, 0.1253],
        [0.1252, 0.1246, 0.1251, 0.1247, 0.1251, 0.1253, 0.1249, 0.1250],
        [0.1255, 0.1246, 0.1245, 0.1250, 0.1251, 0.1255, 0.1246, 0.1252],
        [0.1256, 0.1248, 0.1248, 0.1245, 0.1250, 0.1254, 0.1249, 0.1250],
        [0.1254, 0.1248, 0.1246, 0.1247, 0.1253, 0.1249, 0.1250, 0.1253],
        [0.1254, 0.1246, 0.1248, 0.1249, 0.1247, 0.1251, 0.1254, 0.1251],
        [0.1254, 0.1246, 0.1248, 0.1250, 0.1252, 0.1251, 0.1250, 0.1250],
        [0.1249, 0.1246, 0.1248, 0.1250, 0.1254, 0.1253, 0.1252, 0.1248],
        [0.1253, 0.1247, 0.1246, 0.1247, 0.1252, 0.1253, 0.1250, 0.1253]],
       device='cuda:0', grad_fn=<SoftmaxBackward>)
tensor([[0.1249, 0.1249, 0.1251, 0.1250, 0.1252, 0.1251, 0.1249, 0.1249],
        [0.1249, 0.1249, 0.1251, 0.1250, 0.1250, 0.1246, 0.1252, 0.1253],
        [0.1252, 0.1249, 0.1249, 0.1251, 0.1253, 0.1249, 0.1249, 0.1249],
        [0.1247, 0.1251, 0.1250, 0.1250, 0.1249, 0.1250, 0.1254, 0.1248],
        [0.1251, 0.1246, 0.1250, 0.1253, 0.1248, 0.1252, 0.1251, 0.1249],
        [0.1249, 0.1250, 0.1252, 0.1250, 0.1249, 0.1251, 0.1249, 0.1251],
        [0.1246, 0.1248, 0.1249, 0.1253, 0.1255, 0.1246, 0.1252, 0.1250],
        [0.1250, 0.1248, 0.1248, 0.1255, 0.1252, 0.1249, 0.1250, 0.1248],
        [0.1252, 0.1247, 0.1248, 0.1252, 0.1248, 0.1249, 0.1254, 0.1250],
        [0.1249, 0.1251, 0.1252, 0.1247, 0.1248, 0.1248, 0.1254, 0.1251],
        [0.1249, 0.1251, 0.1250, 0.1251, 0.1247, 0.1254, 0.1249, 0.1249],
        [0.1251, 0.1247, 0.1248, 0.1251, 0.1255, 0.1248, 0.1249, 0.1251],
        [0.1251, 0.1249, 0.1251, 0.1252, 0.1248, 0.1252, 0.1248, 0.1250],
        [0.1249, 0.1246, 0.1249, 0.1249, 0.1255, 0.1249, 0.1252, 0.1250]],
       device='cuda:0', grad_fn=<SoftmaxBackward>)
Input Shape:
torch.Size([32, 3, 32, 32])
Label Shape:
torch.Size([32, 3, 32, 32])



tensor(0.0519, device='cuda:0', grad_fn=<MseLossBackward>)
Input Shape:
torch.Size([32, 3, 32, 32])
Label Shape:
torch.Size([32, 3, 32, 32])



tensor(0.0537, device='cuda:0', grad_fn=<MseLossBackward>)
Input Shape:
torch.Size([32, 3, 32, 32])
Label Shape:
torch.Size([32, 3, 32, 32])



tensor(0.0447, device='cuda:0', grad_fn=<MseLossBackward>)
Input Shape:
torch.Size([3, 3, 32, 32])
Label Shape:
torch.Size([3, 3, 32, 32])



tensor(0.0379, device='cuda:0', grad_fn=<MseLossBackward>)
tensor(0.3050, device='cuda:0')
tensor(0.3053, device='cuda:0')
tensor(0.3051, device='cuda:0')
tensor(0.3051, device='cuda:0')
04/13 05:22:25 AM epoch 3 lr 2.445969e-02
04/13 05:22:25 AM genotype = Genotype(normal=[('sep_conv_3x3', 1), ('dil_conv_3x3', 0), ('sep_conv_3x3', 0), ('sep_conv_3x3', 1), ('sep_conv_5x5', 2), ('sep_conv_5x5', 3), ('dil_conv_3x3', 1), ('sep_conv_3x3', 3)], normal_concat=range(2, 6), reduce=[('dil_conv_5x5', 1), ('sep_conv_5x5', 0), ('sep_conv_3x3', 0), ('skip_connect', 2), ('skip_connect', 2), ('sep_conv_3x3', 1), ('sep_conv_3x3', 4), ('sep_conv_3x3', 2)], reduce_concat=range(2, 6))
tensor([[0.1252, 0.1247, 0.1247, 0.1248, 0.1249, 0.1250, 0.1255, 0.1252],
        [0.1252, 0.1245, 0.1250, 0.1247, 0.1255, 0.1248, 0.1252, 0.1253],
        [0.1254, 0.1248, 0.1248, 0.1249, 0.1256, 0.1250, 0.1249, 0.1247],
        [0.1253, 0.1245, 0.1249, 0.1246, 0.1253, 0.1249, 0.1252, 0.1251],
        [0.1253, 0.1246, 0.1250, 0.1251, 0.1252, 0.1251, 0.1246, 0.1251],
        [0.1253, 0.1248, 0.1245, 0.1246, 0.1252, 0.1250, 0.1252, 0.1254],
        [0.1253, 0.1245, 0.1249, 0.1248, 0.1252, 0.1254, 0.1247, 0.1251],
        [0.1256, 0.1245, 0.1244, 0.1250, 0.1252, 0.1256, 0.1244, 0.1253],
        [0.1258, 0.1246, 0.1246, 0.1244, 0.1251, 0.1256, 0.1248, 0.1250],
        [0.1255, 0.1247, 0.1244, 0.1245, 0.1255, 0.1249, 0.1250, 0.1255],
        [0.1256, 0.1244, 0.1247, 0.1247, 0.1247, 0.1251, 0.1255, 0.1253],
        [0.1255, 0.1245, 0.1246, 0.1250, 0.1253, 0.1252, 0.1250, 0.1249],
        [0.1250, 0.1245, 0.1246, 0.1248, 0.1255, 0.1254, 0.1253, 0.1248],
        [0.1254, 0.1246, 0.1244, 0.1245, 0.1252, 0.1254, 0.1251, 0.1254]],
       device='cuda:0', grad_fn=<SoftmaxBackward>)
tensor([[0.1249, 0.1248, 0.1251, 0.1252, 0.1252, 0.1252, 0.1248, 0.1248],
        [0.1248, 0.1248, 0.1252, 0.1249, 0.1250, 0.1245, 0.1254, 0.1254],
        [0.1253, 0.1247, 0.1249, 0.1251, 0.1255, 0.1248, 0.1248, 0.1250],
        [0.1246, 0.1251, 0.1251, 0.1251, 0.1248, 0.1249, 0.1254, 0.1249],
        [0.1252, 0.1244, 0.1251, 0.1255, 0.1248, 0.1253, 0.1249, 0.1248],
        [0.1247, 0.1249, 0.1253, 0.1251, 0.1251, 0.1250, 0.1247, 0.1251],
        [0.1245, 0.1247, 0.1249, 0.1255, 0.1256, 0.1245, 0.1253, 0.1249],
        [0.1251, 0.1246, 0.1248, 0.1256, 0.1252, 0.1250, 0.1250, 0.1246],
        [0.1253, 0.1245, 0.1246, 0.1253, 0.1249, 0.1248, 0.1255, 0.1251],
        [0.1248, 0.1250, 0.1253, 0.1246, 0.1247, 0.1249, 0.1255, 0.1252],
        [0.1248, 0.1250, 0.1251, 0.1251, 0.1246, 0.1255, 0.1248, 0.1251],
        [0.1251, 0.1246, 0.1246, 0.1251, 0.1256, 0.1248, 0.1249, 0.1252],
        [0.1252, 0.1247, 0.1250, 0.1253, 0.1247, 0.1254, 0.1247, 0.1251],
        [0.1249, 0.1245, 0.1248, 0.1248, 0.1257, 0.1249, 0.1253, 0.1251]],
       device='cuda:0', grad_fn=<SoftmaxBackward>)
Input Shape:
torch.Size([32, 3, 32, 32])
Label Shape:
torch.Size([32, 3, 32, 32])



tensor(0.0421, device='cuda:0', grad_fn=<MseLossBackward>)
Input Shape:
torch.Size([32, 3, 32, 32])
Label Shape:
torch.Size([32, 3, 32, 32])



tensor(0.0391, device='cuda:0', grad_fn=<MseLossBackward>)
Input Shape:
torch.Size([32, 3, 32, 32])
Label Shape:
torch.Size([32, 3, 32, 32])



tensor(0.0384, device='cuda:0', grad_fn=<MseLossBackward>)
Input Shape:
torch.Size([3, 3, 32, 32])
Label Shape:
torch.Size([3, 3, 32, 32])



tensor(0.0573, device='cuda:0', grad_fn=<MseLossBackward>)
tensor(0.3058, device='cuda:0')
tensor(0.3053, device='cuda:0')
tensor(0.3045, device='cuda:0')
tensor(0.3035, device='cuda:0')
04/13 05:30:14 AM epoch 4 lr 2.420423e-02
04/13 05:30:14 AM genotype = Genotype(normal=[('dil_conv_3x3', 0), ('sep_conv_3x3', 1), ('sep_conv_3x3', 0), ('sep_conv_3x3', 1), ('sep_conv_5x5', 3), ('sep_conv_5x5', 2), ('sep_conv_3x3', 3), ('sep_conv_3x3', 0)], normal_concat=range(2, 6), reduce=[('dil_conv_5x5', 1), ('sep_conv_5x5', 0), ('sep_conv_3x3', 0), ('skip_connect', 2), ('skip_connect', 2), ('sep_conv_3x3', 1), ('sep_conv_3x3', 4), ('sep_conv_3x3', 2)], reduce_concat=range(2, 6))
tensor([[0.1254, 0.1246, 0.1246, 0.1247, 0.1250, 0.1250, 0.1256, 0.1251],
        [0.1252, 0.1244, 0.1250, 0.1246, 0.1254, 0.1247, 0.1252, 0.1254],
        [0.1255, 0.1247, 0.1247, 0.1250, 0.1257, 0.1250, 0.1247, 0.1246],
        [0.1254, 0.1244, 0.1249, 0.1246, 0.1253, 0.1249, 0.1252, 0.1252],
        [0.1254, 0.1245, 0.1249, 0.1252, 0.1251, 0.1252, 0.1245, 0.1252],
        [0.1253, 0.1247, 0.1245, 0.1246, 0.1253, 0.1249, 0.1253, 0.1255],
        [0.1254, 0.1244, 0.1248, 0.1247, 0.1253, 0.1254, 0.1246, 0.1253],
        [0.1257, 0.1244, 0.1243, 0.1251, 0.1253, 0.1256, 0.1243, 0.1253],
        [0.1258, 0.1245, 0.1245, 0.1243, 0.1252, 0.1257, 0.1249, 0.1251],
        [0.1256, 0.1247, 0.1243, 0.1244, 0.1256, 0.1249, 0.1251, 0.1256],
        [0.1257, 0.1243, 0.1246, 0.1247, 0.1246, 0.1251, 0.1256, 0.1254],
        [0.1256, 0.1244, 0.1245, 0.1250, 0.1254, 0.1253, 0.1249, 0.1250],
        [0.1251, 0.1243, 0.1245, 0.1247, 0.1256, 0.1255, 0.1254, 0.1249],
        [0.1255, 0.1244, 0.1242, 0.1243, 0.1253, 0.1255, 0.1252, 0.1255]],
       device='cuda:0', grad_fn=<SoftmaxBackward>)
tensor([[0.1250, 0.1247, 0.1250, 0.1253, 0.1253, 0.1253, 0.1248, 0.1247],
        [0.1247, 0.1247, 0.1251, 0.1248, 0.1251, 0.1246, 0.1255, 0.1255],
        [0.1252, 0.1246, 0.1248, 0.1251, 0.1256, 0.1247, 0.1248, 0.1251],
        [0.1246, 0.1250, 0.1251, 0.1252, 0.1247, 0.1250, 0.1255, 0.1250],
        [0.1253, 0.1244, 0.1251, 0.1256, 0.1247, 0.1254, 0.1248, 0.1247],
        [0.1246, 0.1250, 0.1255, 0.1252, 0.1251, 0.1250, 0.1247, 0.1249],
        [0.1245, 0.1246, 0.1249, 0.1256, 0.1258, 0.1245, 0.1255, 0.1248],
        [0.1252, 0.1246, 0.1249, 0.1258, 0.1253, 0.1250, 0.1249, 0.1244],
        [0.1253, 0.1244, 0.1245, 0.1254, 0.1250, 0.1248, 0.1256, 0.1250],
        [0.1248, 0.1250, 0.1254, 0.1246, 0.1245, 0.1249, 0.1255, 0.1252],
        [0.1247, 0.1249, 0.1251, 0.1254, 0.1245, 0.1255, 0.1247, 0.1251],
        [0.1251, 0.1245, 0.1246, 0.1252, 0.1257, 0.1248, 0.1249, 0.1253],
        [0.1253, 0.1246, 0.1250, 0.1254, 0.1246, 0.1254, 0.1246, 0.1252],
        [0.1249, 0.1244, 0.1247, 0.1248, 0.1258, 0.1249, 0.1254, 0.1252]],
       device='cuda:0', grad_fn=<SoftmaxBackward>)
Input Shape:
torch.Size([32, 3, 32, 32])
Label Shape:
torch.Size([32, 3, 32, 32])



tensor(0.0385, device='cuda:0', grad_fn=<MseLossBackward>)
Input Shape:
torch.Size([32, 3, 32, 32])
Label Shape:
torch.Size([32, 3, 32, 32])



tensor(0.0353, device='cuda:0', grad_fn=<MseLossBackward>)
Input Shape:
torch.Size([32, 3, 32, 32])
Label Shape:
torch.Size([32, 3, 32, 32])



tensor(0.0427, device='cuda:0', grad_fn=<MseLossBackward>)
Input Shape:
torch.Size([3, 3, 32, 32])
Label Shape:
torch.Size([3, 3, 32, 32])



tensor(0.0430, device='cuda:0', grad_fn=<MseLossBackward>)
tensor(0.1767, device='cuda:0')
tensor(0.1784, device='cuda:0')
tensor(0.1801, device='cuda:0')
tensor(0.1677, device='cuda:0')
04/13 05:38:16 AM epoch 5 lr 2.390474e-02
04/13 05:38:16 AM genotype = Genotype(normal=[('dil_conv_3x3', 0), ('sep_conv_3x3', 1), ('sep_conv_3x3', 0), ('dil_conv_5x5', 1), ('sep_conv_5x5', 3), ('sep_conv_5x5', 2), ('sep_conv_3x3', 0), ('sep_conv_3x3', 3)], normal_concat=range(2, 6), reduce=[('dil_conv_5x5', 1), ('sep_conv_3x3', 0), ('sep_conv_3x3', 0), ('skip_connect', 2), ('skip_connect', 2), ('sep_conv_3x3', 1), ('sep_conv_3x3', 4), ('sep_conv_3x3', 2)], reduce_concat=range(2, 6))
tensor([[0.1255, 0.1245, 0.1245, 0.1246, 0.1250, 0.1250, 0.1257, 0.1252],
        [0.1252, 0.1244, 0.1251, 0.1247, 0.1254, 0.1247, 0.1253, 0.1254],
        [0.1256, 0.1245, 0.1247, 0.1250, 0.1257, 0.1250, 0.1248, 0.1247],
        [0.1254, 0.1244, 0.1250, 0.1246, 0.1253, 0.1249, 0.1251, 0.1253],
        [0.1255, 0.1244, 0.1249, 0.1252, 0.1251, 0.1251, 0.1244, 0.1252],
        [0.1254, 0.1245, 0.1244, 0.1246, 0.1253, 0.1248, 0.1254, 0.1256],
        [0.1255, 0.1242, 0.1248, 0.1248, 0.1253, 0.1254, 0.1245, 0.1254],
        [0.1258, 0.1242, 0.1242, 0.1250, 0.1254, 0.1256, 0.1243, 0.1254],
        [0.1259, 0.1244, 0.1244, 0.1242, 0.1252, 0.1257, 0.1250, 0.1252],
        [0.1256, 0.1245, 0.1242, 0.1244, 0.1257, 0.1249, 0.1251, 0.1256],
        [0.1257, 0.1242, 0.1247, 0.1248, 0.1245, 0.1251, 0.1256, 0.1254],
        [0.1256, 0.1243, 0.1244, 0.1251, 0.1254, 0.1253, 0.1249, 0.1249],
        [0.1252, 0.1243, 0.1245, 0.1246, 0.1257, 0.1255, 0.1254, 0.1249],
        [0.1256, 0.1244, 0.1242, 0.1243, 0.1254, 0.1254, 0.1252, 0.1255]],
       device='cuda:0', grad_fn=<SoftmaxBackward>)
tensor([[0.1251, 0.1246, 0.1249, 0.1253, 0.1253, 0.1253, 0.1248, 0.1247],
        [0.1246, 0.1247, 0.1251, 0.1248, 0.1252, 0.1246, 0.1255, 0.1256],
        [0.1252, 0.1245, 0.1247, 0.1250, 0.1256, 0.1248, 0.1248, 0.1253],
        [0.1246, 0.1250, 0.1251, 0.1251, 0.1246, 0.1251, 0.1255, 0.1250],
        [0.1253, 0.1244, 0.1251, 0.1256, 0.1246, 0.1255, 0.1248, 0.1247],
        [0.1245, 0.1251, 0.1256, 0.1252, 0.1251, 0.1250, 0.1247, 0.1248],
        [0.1245, 0.1246, 0.1249, 0.1256, 0.1258, 0.1244, 0.1255, 0.1247],
        [0.1252, 0.1247, 0.1249, 0.1258, 0.1252, 0.1250, 0.1249, 0.1243],
        [0.1253, 0.1244, 0.1245, 0.1254, 0.1250, 0.1248, 0.1256, 0.1250],
        [0.1247, 0.1250, 0.1253, 0.1246, 0.1246, 0.1251, 0.1254, 0.1252],
        [0.1247, 0.1249, 0.1252, 0.1254, 0.1244, 0.1255, 0.1247, 0.1251],
        [0.1250, 0.1245, 0.1245, 0.1251, 0.1258, 0.1249, 0.1249, 0.1253],
        [0.1253, 0.1246, 0.1249, 0.1255, 0.1247, 0.1254, 0.1245, 0.1252],
        [0.1249, 0.1244, 0.1246, 0.1247, 0.1259, 0.1249, 0.1253, 0.1252]],
       device='cuda:0', grad_fn=<SoftmaxBackward>)
Input Shape:
torch.Size([32, 3, 32, 32])
Label Shape:
torch.Size([32, 3, 32, 32])



tensor(0.0354, device='cuda:0', grad_fn=<MseLossBackward>)
Input Shape:
torch.Size([32, 3, 32, 32])
Label Shape:
torch.Size([32, 3, 32, 32])



tensor(0.0343, device='cuda:0', grad_fn=<MseLossBackward>)
Input Shape:
torch.Size([32, 3, 32, 32])
Label Shape:
torch.Size([32, 3, 32, 32])



tensor(0.0332, device='cuda:0', grad_fn=<MseLossBackward>)
Input Shape:
torch.Size([3, 3, 32, 32])
Label Shape:
torch.Size([3, 3, 32, 32])



tensor(0.0593, device='cuda:0', grad_fn=<MseLossBackward>)
tensor(0.0774, device='cuda:0')
tensor(0.0780, device='cuda:0')
tensor(0.0785, device='cuda:0')
tensor(0.0820, device='cuda:0')
04/13 05:46:06 AM epoch 6 lr 2.356240e-02
04/13 05:46:06 AM genotype = Genotype(normal=[('dil_conv_3x3', 0), ('sep_conv_3x3', 1), ('sep_conv_3x3', 0), ('dil_conv_5x5', 1), ('sep_conv_5x5', 3), ('sep_conv_5x5', 2), ('sep_conv_3x3', 0), ('sep_conv_3x3', 3)], normal_concat=range(2, 6), reduce=[('dil_conv_5x5', 1), ('sep_conv_3x3', 0), ('sep_conv_3x3', 0), ('skip_connect', 2), ('skip_connect', 2), ('sep_conv_3x3', 1), ('sep_conv_3x3', 4), ('sep_conv_3x3', 2)], reduce_concat=range(2, 6))
tensor([[0.1256, 0.1244, 0.1245, 0.1247, 0.1251, 0.1248, 0.1257, 0.1251],
        [0.1253, 0.1243, 0.1251, 0.1247, 0.1254, 0.1246, 0.1253, 0.1253],
        [0.1257, 0.1244, 0.1246, 0.1251, 0.1257, 0.1250, 0.1248, 0.1246],
        [0.1255, 0.1243, 0.1250, 0.1246, 0.1252, 0.1249, 0.1251, 0.1253],
        [0.1256, 0.1243, 0.1249, 0.1253, 0.1252, 0.1251, 0.1243, 0.1253],
        [0.1255, 0.1244, 0.1244, 0.1246, 0.1254, 0.1248, 0.1254, 0.1256],
        [0.1256, 0.1241, 0.1247, 0.1248, 0.1254, 0.1254, 0.1245, 0.1255],
        [0.1259, 0.1241, 0.1242, 0.1250, 0.1255, 0.1256, 0.1243, 0.1254],
        [0.1260, 0.1243, 0.1244, 0.1241, 0.1254, 0.1258, 0.1250, 0.1252],
        [0.1257, 0.1244, 0.1242, 0.1245, 0.1257, 0.1249, 0.1251, 0.1256],
        [0.1257, 0.1241, 0.1247, 0.1248, 0.1245, 0.1252, 0.1256, 0.1254],
        [0.1257, 0.1242, 0.1244, 0.1252, 0.1255, 0.1254, 0.1249, 0.1248],
        [0.1252, 0.1242, 0.1244, 0.1245, 0.1257, 0.1256, 0.1255, 0.1249],
        [0.1256, 0.1243, 0.1241, 0.1242, 0.1256, 0.1254, 0.1252, 0.1256]],
       device='cuda:0', grad_fn=<SoftmaxBackward>)
tensor([[0.1252, 0.1245, 0.1249, 0.1253, 0.1254, 0.1253, 0.1248, 0.1247],
        [0.1246, 0.1247, 0.1251, 0.1247, 0.1253, 0.1245, 0.1255, 0.1256],
        [0.1252, 0.1244, 0.1246, 0.1250, 0.1257, 0.1248, 0.1248, 0.1255],
        [0.1246, 0.1250, 0.1252, 0.1251, 0.1246, 0.1252, 0.1254, 0.1250],
        [0.1254, 0.1244, 0.1251, 0.1256, 0.1245, 0.1256, 0.1248, 0.1246],
        [0.1244, 0.1251, 0.1256, 0.1252, 0.1251, 0.1251, 0.1247, 0.1248],
        [0.1245, 0.1246, 0.1249, 0.1256, 0.1259, 0.1243, 0.1255, 0.1247],
        [0.1252, 0.1247, 0.1250, 0.1259, 0.1252, 0.1250, 0.1249, 0.1242],
        [0.1253, 0.1244, 0.1245, 0.1254, 0.1251, 0.1248, 0.1257, 0.1249],
        [0.1247, 0.1250, 0.1254, 0.1246, 0.1246, 0.1251, 0.1254, 0.1252],
        [0.1247, 0.1250, 0.1253, 0.1254, 0.1244, 0.1255, 0.1246, 0.1251],
        [0.1249, 0.1245, 0.1244, 0.1251, 0.1258, 0.1248, 0.1249, 0.1254],
        [0.1253, 0.1245, 0.1248, 0.1255, 0.1247, 0.1255, 0.1245, 0.1251],
        [0.1249, 0.1244, 0.1246, 0.1247, 0.1260, 0.1248, 0.1253, 0.1252]],
       device='cuda:0', grad_fn=<SoftmaxBackward>)
Input Shape:
torch.Size([32, 3, 32, 32])
Label Shape:
torch.Size([32, 3, 32, 32])



tensor(0.0350, device='cuda:0', grad_fn=<MseLossBackward>)
Input Shape:
torch.Size([32, 3, 32, 32])
Label Shape:
torch.Size([32, 3, 32, 32])



tensor(0.0310, device='cuda:0', grad_fn=<MseLossBackward>)
Input Shape:
torch.Size([32, 3, 32, 32])
Label Shape:
torch.Size([32, 3, 32, 32])



tensor(0.0341, device='cuda:0', grad_fn=<MseLossBackward>)
Input Shape:
torch.Size([3, 3, 32, 32])
Label Shape:
torch.Size([3, 3, 32, 32])



tensor(0.0424, device='cuda:0', grad_fn=<MseLossBackward>)
tensor(0.0377, device='cuda:0')
tensor(0.0391, device='cuda:0')
tensor(0.0373, device='cuda:0')
tensor(0.0379, device='cuda:0')
04/13 05:54:07 AM epoch 7 lr 2.317856e-02
04/13 05:54:07 AM genotype = Genotype(normal=[('dil_conv_3x3', 0), ('sep_conv_3x3', 1), ('sep_conv_3x3', 0), ('dil_conv_5x5', 1), ('sep_conv_5x5', 3), ('sep_conv_5x5', 2), ('sep_conv_3x3', 3), ('sep_conv_3x3', 0)], normal_concat=range(2, 6), reduce=[('dil_conv_5x5', 1), ('sep_conv_3x3', 0), ('sep_conv_3x3', 0), ('sep_conv_5x5', 2), ('skip_connect', 2), ('sep_conv_3x3', 1), ('sep_conv_3x3', 4), ('sep_conv_3x3', 2)], reduce_concat=range(2, 6))
tensor([[0.1256, 0.1244, 0.1246, 0.1248, 0.1252, 0.1247, 0.1256, 0.1251],
        [0.1254, 0.1242, 0.1251, 0.1246, 0.1253, 0.1246, 0.1253, 0.1253],
        [0.1258, 0.1243, 0.1247, 0.1252, 0.1256, 0.1250, 0.1249, 0.1246],
        [0.1256, 0.1242, 0.1250, 0.1246, 0.1252, 0.1249, 0.1252, 0.1254],
        [0.1257, 0.1242, 0.1248, 0.1253, 0.1253, 0.1251, 0.1243, 0.1253],
        [0.1254, 0.1243, 0.1244, 0.1247, 0.1254, 0.1248, 0.1254, 0.1256],
        [0.1257, 0.1240, 0.1248, 0.1248, 0.1255, 0.1253, 0.1245, 0.1256],
        [0.1259, 0.1240, 0.1241, 0.1249, 0.1256, 0.1256, 0.1243, 0.1255],
        [0.1261, 0.1242, 0.1244, 0.1240, 0.1255, 0.1258, 0.1249, 0.1251],
        [0.1257, 0.1243, 0.1242, 0.1245, 0.1257, 0.1247, 0.1252, 0.1256],
        [0.1258, 0.1240, 0.1246, 0.1247, 0.1246, 0.1253, 0.1256, 0.1254],
        [0.1257, 0.1240, 0.1243, 0.1252, 0.1255, 0.1254, 0.1249, 0.1249],
        [0.1253, 0.1240, 0.1243, 0.1244, 0.1258, 0.1256, 0.1256, 0.1249],
        [0.1257, 0.1241, 0.1240, 0.1241, 0.1257, 0.1255, 0.1252, 0.1257]],
       device='cuda:0', grad_fn=<SoftmaxBackward>)
tensor([[0.1251, 0.1244, 0.1249, 0.1253, 0.1255, 0.1252, 0.1248, 0.1248],
        [0.1246, 0.1246, 0.1251, 0.1247, 0.1253, 0.1245, 0.1256, 0.1257],
        [0.1252, 0.1243, 0.1245, 0.1252, 0.1257, 0.1248, 0.1248, 0.1255],
        [0.1246, 0.1250, 0.1252, 0.1251, 0.1246, 0.1253, 0.1253, 0.1250],
        [0.1255, 0.1243, 0.1251, 0.1257, 0.1245, 0.1257, 0.1247, 0.1246],
        [0.1243, 0.1251, 0.1257, 0.1253, 0.1250, 0.1251, 0.1247, 0.1247],
        [0.1246, 0.1245, 0.1248, 0.1256, 0.1259, 0.1243, 0.1256, 0.1247],
        [0.1252, 0.1247, 0.1250, 0.1260, 0.1251, 0.1250, 0.1249, 0.1242],
        [0.1253, 0.1244, 0.1244, 0.1254, 0.1251, 0.1248, 0.1257, 0.1248],
        [0.1246, 0.1251, 0.1255, 0.1245, 0.1246, 0.1252, 0.1253, 0.1252],
        [0.1247, 0.1249, 0.1254, 0.1256, 0.1243, 0.1255, 0.1246, 0.1251],
        [0.1249, 0.1245, 0.1244, 0.1252, 0.1259, 0.1247, 0.1250, 0.1254],
        [0.1254, 0.1245, 0.1247, 0.1256, 0.1247, 0.1255, 0.1246, 0.1250],
        [0.1248, 0.1243, 0.1245, 0.1248, 0.1261, 0.1248, 0.1254, 0.1253]],
       device='cuda:0', grad_fn=<SoftmaxBackward>)
Input Shape:
torch.Size([32, 3, 32, 32])
Label Shape:
torch.Size([32, 3, 32, 32])



tensor(0.0305, device='cuda:0', grad_fn=<MseLossBackward>)
Input Shape:
torch.Size([32, 3, 32, 32])
Label Shape:
torch.Size([32, 3, 32, 32])



tensor(0.0337, device='cuda:0', grad_fn=<MseLossBackward>)
Input Shape:
torch.Size([32, 3, 32, 32])
Label Shape:
torch.Size([32, 3, 32, 32])



tensor(0.0336, device='cuda:0', grad_fn=<MseLossBackward>)
Input Shape:
torch.Size([3, 3, 32, 32])
Label Shape:
torch.Size([3, 3, 32, 32])



tensor(0.0373, device='cuda:0', grad_fn=<MseLossBackward>)
tensor(0.0390, device='cuda:0')
tensor(0.0394, device='cuda:0')
tensor(0.0396, device='cuda:0')
tensor(0.0396, device='cuda:0')
04/13 06:02:07 AM epoch 8 lr 2.275473e-02
04/13 06:02:07 AM genotype = Genotype(normal=[('dil_conv_3x3', 0), ('sep_conv_3x3', 1), ('sep_conv_3x3', 0), ('dil_conv_5x5', 1), ('sep_conv_5x5', 3), ('sep_conv_3x3', 2), ('sep_conv_3x3', 3), ('sep_conv_3x3', 4)], normal_concat=range(2, 6), reduce=[('dil_conv_5x5', 1), ('sep_conv_3x3', 0), ('sep_conv_5x5', 2), ('sep_conv_3x3', 0), ('skip_connect', 2), ('sep_conv_3x3', 1), ('sep_conv_3x3', 4), ('sep_conv_3x3', 2)], reduce_concat=range(2, 6))
tensor([[0.1257, 0.1243, 0.1246, 0.1248, 0.1253, 0.1246, 0.1257, 0.1251],
        [0.1254, 0.1242, 0.1251, 0.1247, 0.1254, 0.1246, 0.1253, 0.1254],
        [0.1258, 0.1241, 0.1246, 0.1253, 0.1256, 0.1250, 0.1250, 0.1245],
        [0.1257, 0.1240, 0.1250, 0.1246, 0.1252, 0.1249, 0.1251, 0.1254],
        [0.1257, 0.1240, 0.1249, 0.1253, 0.1254, 0.1251, 0.1242, 0.1253],
        [0.1254, 0.1241, 0.1245, 0.1247, 0.1254, 0.1248, 0.1254, 0.1256],
        [0.1257, 0.1238, 0.1248, 0.1248, 0.1256, 0.1252, 0.1245, 0.1256],
        [0.1260, 0.1239, 0.1241, 0.1249, 0.1257, 0.1256, 0.1243, 0.1256],
        [0.1261, 0.1241, 0.1244, 0.1240, 0.1255, 0.1259, 0.1250, 0.1250],
        [0.1258, 0.1241, 0.1242, 0.1246, 0.1257, 0.1247, 0.1253, 0.1256],
        [0.1258, 0.1239, 0.1246, 0.1247, 0.1245, 0.1254, 0.1255, 0.1254],
        [0.1258, 0.1239, 0.1242, 0.1252, 0.1256, 0.1254, 0.1250, 0.1249],
        [0.1254, 0.1239, 0.1242, 0.1243, 0.1259, 0.1257, 0.1256, 0.1250],
        [0.1258, 0.1240, 0.1239, 0.1240, 0.1258, 0.1256, 0.1252, 0.1257]],
       device='cuda:0', grad_fn=<SoftmaxBackward>)
tensor([[0.1251, 0.1243, 0.1249, 0.1252, 0.1255, 0.1252, 0.1248, 0.1249],
        [0.1246, 0.1246, 0.1251, 0.1247, 0.1253, 0.1244, 0.1256, 0.1257],
        [0.1252, 0.1242, 0.1244, 0.1253, 0.1257, 0.1249, 0.1248, 0.1255],
        [0.1246, 0.1251, 0.1253, 0.1251, 0.1246, 0.1253, 0.1252, 0.1249],
        [0.1255, 0.1243, 0.1251, 0.1256, 0.1244, 0.1258, 0.1248, 0.1246],
        [0.1243, 0.1251, 0.1257, 0.1252, 0.1250, 0.1252, 0.1248, 0.1248],
        [0.1246, 0.1244, 0.1248, 0.1255, 0.1260, 0.1242, 0.1258, 0.1247],
        [0.1253, 0.1246, 0.1249, 0.1260, 0.1250, 0.1250, 0.1250, 0.1242],
        [0.1254, 0.1243, 0.1243, 0.1254, 0.1252, 0.1249, 0.1257, 0.1248],
        [0.1246, 0.1251, 0.1255, 0.1244, 0.1247, 0.1253, 0.1253, 0.1251],
        [0.1246, 0.1249, 0.1254, 0.1257, 0.1243, 0.1255, 0.1246, 0.1251],
        [0.1250, 0.1244, 0.1243, 0.1252, 0.1259, 0.1247, 0.1251, 0.1254],
        [0.1255, 0.1244, 0.1246, 0.1256, 0.1249, 0.1255, 0.1246, 0.1248],
        [0.1248, 0.1243, 0.1244, 0.1247, 0.1262, 0.1247, 0.1254, 0.1254]],
       device='cuda:0', grad_fn=<SoftmaxBackward>)
Input Shape:
torch.Size([32, 3, 32, 32])
Label Shape:
torch.Size([32, 3, 32, 32])



tensor(0.0313, device='cuda:0', grad_fn=<MseLossBackward>)
Input Shape:
torch.Size([32, 3, 32, 32])
Label Shape:
torch.Size([32, 3, 32, 32])



tensor(0.0361, device='cuda:0', grad_fn=<MseLossBackward>)
Input Shape:
torch.Size([32, 3, 32, 32])
Label Shape:
torch.Size([32, 3, 32, 32])



tensor(0.0308, device='cuda:0', grad_fn=<MseLossBackward>)
Input Shape:
torch.Size([3, 3, 32, 32])
Label Shape:
torch.Size([3, 3, 32, 32])



tensor(0.0371, device='cuda:0', grad_fn=<MseLossBackward>)
tensor(0.0359, device='cuda:0')
tensor(0.0366, device='cuda:0')
tensor(0.0352, device='cuda:0')
tensor(0.0373, device='cuda:0')
04/13 06:10:07 AM epoch 9 lr 2.229259e-02
04/13 06:10:07 AM genotype = Genotype(normal=[('dil_conv_3x3', 0), ('sep_conv_3x3', 1), ('sep_conv_3x3', 0), ('sep_conv_3x3', 2), ('sep_conv_5x5', 3), ('sep_conv_3x3', 2), ('sep_conv_3x3', 3), ('sep_conv_3x3', 4)], normal_concat=range(2, 6), reduce=[('dil_conv_5x5', 1), ('sep_conv_3x3', 0), ('sep_conv_3x3', 0), ('sep_conv_5x5', 2), ('skip_connect', 2), ('sep_conv_3x3', 1), ('sep_conv_3x3', 4), ('sep_conv_3x3', 2)], reduce_concat=range(2, 6))
tensor([[0.1258, 0.1241, 0.1246, 0.1248, 0.1253, 0.1246, 0.1257, 0.1252],
        [0.1253, 0.1241, 0.1252, 0.1247, 0.1254, 0.1246, 0.1254, 0.1254],
        [0.1259, 0.1239, 0.1246, 0.1253, 0.1256, 0.1250, 0.1251, 0.1246],
        [0.1257, 0.1239, 0.1251, 0.1247, 0.1251, 0.1250, 0.1251, 0.1254],
        [0.1258, 0.1239, 0.1249, 0.1253, 0.1255, 0.1250, 0.1242, 0.1254],
        [0.1254, 0.1240, 0.1245, 0.1248, 0.1254, 0.1248, 0.1255, 0.1256],
        [0.1258, 0.1237, 0.1249, 0.1249, 0.1256, 0.1251, 0.1245, 0.1256],
        [0.1260, 0.1238, 0.1241, 0.1249, 0.1257, 0.1257, 0.1243, 0.1256],
        [0.1262, 0.1240, 0.1243, 0.1240, 0.1256, 0.1259, 0.1249, 0.1250],
        [0.1258, 0.1239, 0.1242, 0.1246, 0.1257, 0.1247, 0.1254, 0.1257],
        [0.1259, 0.1238, 0.1246, 0.1247, 0.1245, 0.1255, 0.1255, 0.1255],
        [0.1258, 0.1238, 0.1241, 0.1252, 0.1256, 0.1255, 0.1250, 0.1250],
        [0.1255, 0.1238, 0.1241, 0.1243, 0.1260, 0.1257, 0.1256, 0.1251],
        [0.1258, 0.1239, 0.1238, 0.1239, 0.1259, 0.1256, 0.1253, 0.1258]],
       device='cuda:0', grad_fn=<SoftmaxBackward>)
tensor([[0.1251, 0.1243, 0.1249, 0.1251, 0.1256, 0.1253, 0.1249, 0.1250],
        [0.1246, 0.1246, 0.1251, 0.1248, 0.1253, 0.1244, 0.1256, 0.1257],
        [0.1252, 0.1241, 0.1243, 0.1254, 0.1258, 0.1250, 0.1248, 0.1254],
        [0.1246, 0.1252, 0.1254, 0.1250, 0.1245, 0.1253, 0.1251, 0.1249],
        [0.1254, 0.1243, 0.1251, 0.1257, 0.1244, 0.1258, 0.1248, 0.1246],
        [0.1243, 0.1250, 0.1257, 0.1252, 0.1250, 0.1252, 0.1248, 0.1248],
        [0.1245, 0.1244, 0.1248, 0.1254, 0.1259, 0.1241, 0.1259, 0.1249],
        [0.1253, 0.1246, 0.1249, 0.1261, 0.1249, 0.1249, 0.1251, 0.1242],
        [0.1254, 0.1243, 0.1243, 0.1254, 0.1252, 0.1250, 0.1257, 0.1248],
        [0.1245, 0.1252, 0.1255, 0.1243, 0.1249, 0.1252, 0.1253, 0.1250],
        [0.1245, 0.1249, 0.1253, 0.1258, 0.1242, 0.1256, 0.1246, 0.1251],
        [0.1250, 0.1244, 0.1242, 0.1252, 0.1260, 0.1246, 0.1252, 0.1253],
        [0.1255, 0.1244, 0.1245, 0.1256, 0.1251, 0.1256, 0.1246, 0.1247],
        [0.1248, 0.1242, 0.1244, 0.1247, 0.1263, 0.1246, 0.1254, 0.1256]],
       device='cuda:0', grad_fn=<SoftmaxBackward>)
Input Shape:
torch.Size([32, 3, 32, 32])
Label Shape:
torch.Size([32, 3, 32, 32])



tensor(0.0290, device='cuda:0', grad_fn=<MseLossBackward>)
Input Shape:
torch.Size([32, 3, 32, 32])
Label Shape:
torch.Size([32, 3, 32, 32])



tensor(0.0290, device='cuda:0', grad_fn=<MseLossBackward>)
Input Shape:
torch.Size([32, 3, 32, 32])
Label Shape:
torch.Size([32, 3, 32, 32])



tensor(0.0357, device='cuda:0', grad_fn=<MseLossBackward>)
Input Shape:
torch.Size([3, 3, 32, 32])
Label Shape:
torch.Size([3, 3, 32, 32])



tensor(0.0378, device='cuda:0', grad_fn=<MseLossBackward>)
tensor(0.0320, device='cuda:0')
tensor(0.0321, device='cuda:0')
tensor(0.0323, device='cuda:0')
tensor(0.0358, device='cuda:0')
04/13 06:17:56 AM epoch 10 lr 2.179395e-02
04/13 06:17:56 AM genotype = Genotype(normal=[('dil_conv_3x3', 0), ('sep_conv_3x3', 1), ('sep_conv_3x3', 2), ('sep_conv_3x3', 0), ('sep_conv_5x5', 3), ('sep_conv_3x3', 2), ('sep_conv_3x3', 3), ('sep_conv_3x3', 4)], normal_concat=range(2, 6), reduce=[('dil_conv_5x5', 1), ('sep_conv_3x3', 0), ('sep_conv_3x3', 0), ('sep_conv_5x5', 2), ('skip_connect', 2), ('sep_conv_3x3', 1), ('sep_conv_3x3', 4), ('sep_conv_3x3', 2)], reduce_concat=range(2, 6))
tensor([[0.1258, 0.1240, 0.1246, 0.1248, 0.1253, 0.1245, 0.1257, 0.1252],
        [0.1253, 0.1240, 0.1252, 0.1248, 0.1254, 0.1245, 0.1254, 0.1253],
        [0.1259, 0.1237, 0.1246, 0.1254, 0.1255, 0.1250, 0.1251, 0.1247],
        [0.1258, 0.1238, 0.1251, 0.1248, 0.1250, 0.1250, 0.1251, 0.1255],
        [0.1259, 0.1238, 0.1249, 0.1254, 0.1256, 0.1250, 0.1241, 0.1254],
        [0.1254, 0.1238, 0.1245, 0.1249, 0.1254, 0.1249, 0.1255, 0.1256],
        [0.1258, 0.1236, 0.1250, 0.1250, 0.1256, 0.1250, 0.1245, 0.1255],
        [0.1260, 0.1237, 0.1241, 0.1249, 0.1257, 0.1257, 0.1243, 0.1257],
        [0.1263, 0.1239, 0.1243, 0.1239, 0.1257, 0.1259, 0.1249, 0.1250],
        [0.1259, 0.1238, 0.1242, 0.1247, 0.1257, 0.1247, 0.1254, 0.1257],
        [0.1260, 0.1237, 0.1245, 0.1247, 0.1244, 0.1256, 0.1256, 0.1255],
        [0.1259, 0.1236, 0.1240, 0.1253, 0.1257, 0.1255, 0.1250, 0.1251],
        [0.1256, 0.1236, 0.1240, 0.1241, 0.1261, 0.1258, 0.1256, 0.1252],
        [0.1259, 0.1238, 0.1237, 0.1238, 0.1260, 0.1256, 0.1254, 0.1258]],
       device='cuda:0', grad_fn=<SoftmaxBackward>)
tensor([[0.1251, 0.1242, 0.1248, 0.1250, 0.1256, 0.1253, 0.1249, 0.1251],
        [0.1246, 0.1246, 0.1250, 0.1248, 0.1253, 0.1243, 0.1256, 0.1258],
        [0.1252, 0.1241, 0.1242, 0.1255, 0.1258, 0.1250, 0.1247, 0.1254],
        [0.1246, 0.1252, 0.1254, 0.1249, 0.1245, 0.1254, 0.1251, 0.1249],
        [0.1255, 0.1243, 0.1251, 0.1257, 0.1243, 0.1258, 0.1247, 0.1246],
        [0.1243, 0.1249, 0.1257, 0.1251, 0.1251, 0.1253, 0.1249, 0.1248],
        [0.1245, 0.1244, 0.1248, 0.1254, 0.1260, 0.1241, 0.1259, 0.1249],
        [0.1253, 0.1246, 0.1249, 0.1261, 0.1248, 0.1249, 0.1251, 0.1242],
        [0.1254, 0.1243, 0.1242, 0.1254, 0.1252, 0.1250, 0.1256, 0.1248],
        [0.1245, 0.1252, 0.1255, 0.1242, 0.1250, 0.1252, 0.1254, 0.1251],
        [0.1245, 0.1248, 0.1253, 0.1259, 0.1242, 0.1256, 0.1246, 0.1251],
        [0.1251, 0.1244, 0.1242, 0.1253, 0.1260, 0.1246, 0.1252, 0.1253],
        [0.1256, 0.1243, 0.1243, 0.1257, 0.1252, 0.1256, 0.1246, 0.1246],
        [0.1249, 0.1242, 0.1243, 0.1246, 0.1264, 0.1246, 0.1255, 0.1257]],
       device='cuda:0', grad_fn=<SoftmaxBackward>)
Input Shape:
torch.Size([32, 3, 32, 32])
Label Shape:
torch.Size([32, 3, 32, 32])



tensor(0.0304, device='cuda:0', grad_fn=<MseLossBackward>)
Input Shape:
torch.Size([32, 3, 32, 32])
Label Shape:
torch.Size([32, 3, 32, 32])



tensor(0.0323, device='cuda:0', grad_fn=<MseLossBackward>)
Input Shape:
torch.Size([32, 3, 32, 32])
Label Shape:
torch.Size([32, 3, 32, 32])



tensor(0.0279, device='cuda:0', grad_fn=<MseLossBackward>)
Input Shape:
torch.Size([3, 3, 32, 32])
Label Shape:
torch.Size([3, 3, 32, 32])



tensor(0.0531, device='cuda:0', grad_fn=<MseLossBackward>)
tensor(0.0667, device='cuda:0')
tensor(0.0668, device='cuda:0')
tensor(0.0630, device='cuda:0')
tensor(0.0669, device='cuda:0')
04/13 06:25:46 AM epoch 11 lr 2.126079e-02
04/13 06:25:46 AM genotype = Genotype(normal=[('dil_conv_3x3', 0), ('sep_conv_3x3', 1), ('sep_conv_3x3', 2), ('skip_connect', 0), ('sep_conv_5x5', 3), ('sep_conv_3x3', 2), ('sep_conv_3x3', 3), ('sep_conv_3x3', 4)], normal_concat=range(2, 6), reduce=[('dil_conv_5x5', 1), ('sep_conv_3x3', 0), ('sep_conv_3x3', 0), ('sep_conv_5x5', 2), ('skip_connect', 2), ('dil_conv_3x3', 1), ('sep_conv_3x3', 4), ('sep_conv_3x3', 2)], reduce_concat=range(2, 6))
tensor([[0.1259, 0.1239, 0.1246, 0.1249, 0.1253, 0.1244, 0.1257, 0.1252],
        [0.1253, 0.1239, 0.1253, 0.1249, 0.1255, 0.1244, 0.1254, 0.1253],
        [0.1260, 0.1235, 0.1246, 0.1256, 0.1255, 0.1250, 0.1252, 0.1247],
        [0.1258, 0.1237, 0.1252, 0.1248, 0.1249, 0.1250, 0.1251, 0.1255],
        [0.1260, 0.1236, 0.1248, 0.1255, 0.1256, 0.1249, 0.1241, 0.1255],
        [0.1254, 0.1237, 0.1245, 0.1250, 0.1254, 0.1250, 0.1255, 0.1256],
        [0.1258, 0.1235, 0.1251, 0.1250, 0.1256, 0.1249, 0.1245, 0.1255],
        [0.1260, 0.1235, 0.1240, 0.1248, 0.1258, 0.1257, 0.1243, 0.1258],
        [0.1263, 0.1238, 0.1243, 0.1238, 0.1258, 0.1260, 0.1248, 0.1251],
        [0.1259, 0.1237, 0.1242, 0.1248, 0.1257, 0.1247, 0.1254, 0.1257],
