Experiment dir : search-EXP-20200414-034221
04/14 03:42:21 AM gpu device = 0
04/14 03:42:21 AM args = Namespace(arch_learning_rate=0.0003, arch_weight_decay=0.001, batch_size=32, cutout=False, cutout_length=16, data='../data/mnt/d/SIDD_Medium_Srgb/Data', drop_path_prob=0.3, epochs=50, gpu=0, grad_clip=5, img_cropped_height=32, img_cropped_width=32, init_channels=16, label_data='../data/label_data/', layers=8, learning_rate=0.025, learning_rate_min=0.001, model_path='saved_models', momentum=0.9, report_freq=50, save='search-EXP-20200414-034221', seed=2, train_data='../data/train_data/', train_portion=0.5, unrolled=True, weight_decay=0.0003)
04/14 03:42:25 AM param size = 1.928048MB
Total Training Samples: 830
04/14 03:42:25 AM epoch 0 lr 2.495266e-02
04/14 03:42:25 AM genotype = Genotype(normal=[('sep_conv_3x3', 1), ('dil_conv_3x3', 0), ('dil_conv_3x3', 1), ('max_pool_3x3', 2), ('dil_conv_5x5', 0), ('skip_connect', 2), ('skip_connect', 3), ('dil_conv_3x3', 1)], normal_concat=range(2, 6), reduce=[('sep_conv_3x3', 0), ('avg_pool_3x3', 1), ('dil_conv_3x3', 1), ('dil_conv_3x3', 2), ('sep_conv_5x5', 0), ('dil_conv_3x3', 3), ('sep_conv_3x3', 4), ('sep_conv_3x3', 2)], reduce_concat=range(2, 6))
tensor([[0.1251, 0.1250, 0.1251, 0.1249, 0.1249, 0.1249, 0.1251, 0.1250],
        [0.1251, 0.1249, 0.1251, 0.1249, 0.1251, 0.1250, 0.1249, 0.1250],
        [0.1250, 0.1251, 0.1250, 0.1249, 0.1250, 0.1249, 0.1250, 0.1251],
        [0.1250, 0.1251, 0.1250, 0.1249, 0.1252, 0.1248, 0.1252, 0.1249],
        [0.1250, 0.1251, 0.1250, 0.1249, 0.1249, 0.1251, 0.1249, 0.1249],
        [0.1249, 0.1252, 0.1249, 0.1249, 0.1248, 0.1249, 0.1251, 0.1253],
        [0.1250, 0.1250, 0.1251, 0.1248, 0.1249, 0.1251, 0.1250, 0.1251],
        [0.1252, 0.1249, 0.1249, 0.1252, 0.1248, 0.1252, 0.1248, 0.1249],
        [0.1253, 0.1251, 0.1251, 0.1248, 0.1248, 0.1251, 0.1250, 0.1248],
        [0.1252, 0.1251, 0.1249, 0.1248, 0.1252, 0.1250, 0.1249, 0.1251],
        [0.1252, 0.1249, 0.1249, 0.1250, 0.1249, 0.1250, 0.1252, 0.1249],
        [0.1251, 0.1250, 0.1248, 0.1250, 0.1250, 0.1250, 0.1250, 0.1251],
        [0.1246, 0.1249, 0.1251, 0.1253, 0.1251, 0.1250, 0.1251, 0.1249],
        [0.1250, 0.1251, 0.1249, 0.1250, 0.1250, 0.1251, 0.1248, 0.1250]],
       device='cuda:0', grad_fn=<SoftmaxBackward>)
tensor([[0.1249, 0.1249, 0.1250, 0.1250, 0.1252, 0.1249, 0.1251, 0.1249],
        [0.1248, 0.1249, 0.1251, 0.1249, 0.1251, 0.1250, 0.1251, 0.1251],
        [0.1251, 0.1251, 0.1250, 0.1250, 0.1251, 0.1250, 0.1248, 0.1250],
        [0.1250, 0.1251, 0.1248, 0.1249, 0.1251, 0.1251, 0.1252, 0.1247],
        [0.1250, 0.1249, 0.1249, 0.1251, 0.1248, 0.1250, 0.1252, 0.1251],
        [0.1249, 0.1250, 0.1252, 0.1247, 0.1249, 0.1253, 0.1250, 0.1250],
        [0.1249, 0.1250, 0.1250, 0.1250, 0.1251, 0.1248, 0.1251, 0.1251],
        [0.1248, 0.1250, 0.1250, 0.1252, 0.1251, 0.1249, 0.1249, 0.1250],
        [0.1248, 0.1250, 0.1250, 0.1252, 0.1250, 0.1249, 0.1252, 0.1249],
        [0.1252, 0.1249, 0.1249, 0.1250, 0.1249, 0.1249, 0.1252, 0.1250],
        [0.1251, 0.1251, 0.1248, 0.1250, 0.1249, 0.1252, 0.1250, 0.1248],
        [0.1249, 0.1249, 0.1249, 0.1249, 0.1252, 0.1251, 0.1251, 0.1250],
        [0.1250, 0.1250, 0.1250, 0.1249, 0.1250, 0.1250, 0.1250, 0.1250],
        [0.1250, 0.1247, 0.1250, 0.1249, 0.1254, 0.1250, 0.1250, 0.1251]],
       device='cuda:0', grad_fn=<SoftmaxBackward>)
/usr/local/lib/python3.5/site-packages/torch/optim/lr_scheduler.py:122: UserWarning: Detected call of `lr_scheduler.step()` before `optimizer.step()`. In PyTorch 1.1.0 and later, you should call them in the opposite order: `optimizer.step()` before `lr_scheduler.step()`.  Failure to do this will result in PyTorch skipping the first value of the learning rate schedule. See more details at https://pytorch.org/docs/stable/optim.html#how-to-adjust-learning-rate
  "https://pytorch.org/docs/stable/optim.html#how-to-adjust-learning-rate", UserWarning)
Input Shape:
torch.Size([32, 3, 32, 32])
Label Shape:
torch.Size([32, 3, 32, 32])



tensor(0.2094, device='cuda:0', grad_fn=<MseLossBackward>)
Input Shape:
torch.Size([32, 3, 32, 32])
Label Shape:
torch.Size([32, 3, 32, 32])



train_search.py:164: UserWarning: torch.nn.utils.clip_grad_norm is now deprecated in favor of torch.nn.utils.clip_grad_norm_.
  nn.utils.clip_grad_norm(model.parameters(), args.grad_clip)
tensor(0.1492, device='cuda:0', grad_fn=<MseLossBackward>)
Input Shape:
torch.Size([32, 3, 32, 32])
Label Shape:
torch.Size([32, 3, 32, 32])



tensor(0.1439, device='cuda:0', grad_fn=<MseLossBackward>)
Input Shape:
torch.Size([32, 3, 32, 32])
Label Shape:
torch.Size([32, 3, 32, 32])



tensor(0.0975, device='cuda:0', grad_fn=<MseLossBackward>)
Input Shape:
torch.Size([32, 3, 32, 32])
Label Shape:
torch.Size([32, 3, 32, 32])



tensor(0.1809, device='cuda:0', grad_fn=<MseLossBackward>)
Input Shape:
torch.Size([32, 3, 32, 32])
Label Shape:
torch.Size([32, 3, 32, 32])



tensor(0.1638, device='cuda:0', grad_fn=<MseLossBackward>)
Input Shape:
torch.Size([32, 3, 32, 32])
Label Shape:
torch.Size([32, 3, 32, 32])



tensor(0.1403, device='cuda:0', grad_fn=<MseLossBackward>)
Input Shape:
torch.Size([32, 3, 32, 32])
Label Shape:
torch.Size([32, 3, 32, 32])



tensor(0.1245, device='cuda:0', grad_fn=<MseLossBackward>)
Input Shape:
torch.Size([32, 3, 32, 32])
Label Shape:
torch.Size([32, 3, 32, 32])



tensor(0.1104, device='cuda:0', grad_fn=<MseLossBackward>)
Input Shape:
torch.Size([32, 3, 32, 32])
Label Shape:
torch.Size([32, 3, 32, 32])



tensor(0.1041, device='cuda:0', grad_fn=<MseLossBackward>)
Input Shape:
torch.Size([32, 3, 32, 32])
Label Shape:
torch.Size([32, 3, 32, 32])



tensor(0.0832, device='cuda:0', grad_fn=<MseLossBackward>)
Input Shape:
torch.Size([32, 3, 32, 32])
Label Shape:
torch.Size([32, 3, 32, 32])



tensor(0.0750, device='cuda:0', grad_fn=<MseLossBackward>)
Input Shape:
torch.Size([31, 3, 32, 32])
Label Shape:
torch.Size([31, 3, 32, 32])



tensor(0.1201, device='cuda:0', grad_fn=<MseLossBackward>)
tensor(0.1019, device='cuda:0')
tensor(0.1293, device='cuda:0')
tensor(0.1178, device='cuda:0')
tensor(0.1107, device='cuda:0')
tensor(0.1376, device='cuda:0')
tensor(0.1327, device='cuda:0')
tensor(0.1150, device='cuda:0')
tensor(0.1205, device='cuda:0')
tensor(0.1148, device='cuda:0')
tensor(0.1090, device='cuda:0')
tensor(0.1272, device='cuda:0')
tensor(0.1023, device='cuda:0')
tensor(0.1207, device='cuda:0')
04/14 03:45:18 AM epoch 1 lr 2.483464e-02
04/14 03:45:18 AM genotype = Genotype(normal=[('avg_pool_3x3', 1), ('dil_conv_3x3', 0), ('sep_conv_3x3', 2), ('sep_conv_3x3', 1), ('dil_conv_5x5', 0), ('sep_conv_5x5', 2), ('dil_conv_5x5', 0), ('dil_conv_5x5', 2)], normal_concat=range(2, 6), reduce=[('avg_pool_3x3', 1), ('dil_conv_3x3', 0), ('dil_conv_3x3', 1), ('dil_conv_5x5', 2), ('sep_conv_3x3', 2), ('dil_conv_5x5', 3), ('sep_conv_3x3', 4), ('max_pool_3x3', 3)], reduce_concat=range(2, 6))
tensor([[0.1252, 0.1246, 0.1250, 0.1247, 0.1252, 0.1250, 0.1253, 0.1250],
        [0.1251, 0.1247, 0.1254, 0.1251, 0.1250, 0.1248, 0.1246, 0.1252],
        [0.1254, 0.1247, 0.1250, 0.1248, 0.1251, 0.1247, 0.1251, 0.1252],
        [0.1253, 0.1248, 0.1250, 0.1251, 0.1252, 0.1250, 0.1250, 0.1247],
        [0.1254, 0.1247, 0.1249, 0.1249, 0.1252, 0.1248, 0.1249, 0.1252],
        [0.1252, 0.1246, 0.1248, 0.1248, 0.1252, 0.1247, 0.1252, 0.1255],
        [0.1254, 0.1245, 0.1251, 0.1246, 0.1249, 0.1253, 0.1248, 0.1254],
        [0.1257, 0.1243, 0.1246, 0.1249, 0.1253, 0.1254, 0.1249, 0.1249],
        [0.1258, 0.1245, 0.1247, 0.1244, 0.1251, 0.1254, 0.1253, 0.1247],
        [0.1255, 0.1246, 0.1248, 0.1245, 0.1250, 0.1250, 0.1251, 0.1255],
        [0.1253, 0.1245, 0.1251, 0.1253, 0.1249, 0.1247, 0.1253, 0.1250],
        [0.1255, 0.1245, 0.1244, 0.1247, 0.1251, 0.1252, 0.1252, 0.1254],
        [0.1250, 0.1245, 0.1249, 0.1250, 0.1253, 0.1249, 0.1253, 0.1252],
        [0.1254, 0.1246, 0.1245, 0.1246, 0.1253, 0.1253, 0.1250, 0.1254]],
       device='cuda:0', grad_fn=<SoftmaxBackward>)
tensor([[0.1253, 0.1247, 0.1248, 0.1250, 0.1252, 0.1248, 0.1255, 0.1248],
        [0.1244, 0.1253, 0.1255, 0.1247, 0.1247, 0.1252, 0.1254, 0.1248],
        [0.1253, 0.1247, 0.1247, 0.1250, 0.1251, 0.1252, 0.1249, 0.1250],
        [0.1252, 0.1253, 0.1251, 0.1246, 0.1250, 0.1250, 0.1254, 0.1244],
        [0.1248, 0.1248, 0.1249, 0.1250, 0.1249, 0.1252, 0.1251, 0.1254],
        [0.1252, 0.1247, 0.1250, 0.1245, 0.1249, 0.1251, 0.1254, 0.1253],
        [0.1250, 0.1253, 0.1253, 0.1247, 0.1249, 0.1250, 0.1246, 0.1251],
        [0.1251, 0.1247, 0.1249, 0.1253, 0.1254, 0.1249, 0.1249, 0.1248],
        [0.1251, 0.1248, 0.1248, 0.1250, 0.1250, 0.1247, 0.1253, 0.1254],
        [0.1250, 0.1251, 0.1249, 0.1254, 0.1250, 0.1245, 0.1251, 0.1250],
        [0.1247, 0.1254, 0.1251, 0.1249, 0.1250, 0.1251, 0.1252, 0.1246],
        [0.1248, 0.1251, 0.1251, 0.1249, 0.1250, 0.1247, 0.1252, 0.1252],
        [0.1247, 0.1254, 0.1254, 0.1252, 0.1247, 0.1246, 0.1249, 0.1250],
        [0.1246, 0.1251, 0.1253, 0.1251, 0.1256, 0.1248, 0.1247, 0.1248]],
       device='cuda:0', grad_fn=<SoftmaxBackward>)
train_search.py:192: UserWarning: volatile was removed and now has no effect. Use `with torch.no_grad():` instead.
  input = Variable(input, volatile=True).cuda()
train_search.py:193: UserWarning: volatile was removed and now has no effect. Use `with torch.no_grad():` instead.
  target = Variable(target, volatile=True).cuda(async=True)
Input Shape:
torch.Size([32, 3, 32, 32])
Label Shape:
torch.Size([32, 3, 32, 32])



tensor(0.0889, device='cuda:0', grad_fn=<MseLossBackward>)
Input Shape:
torch.Size([32, 3, 32, 32])
Label Shape:
torch.Size([32, 3, 32, 32])



tensor(0.0870, device='cuda:0', grad_fn=<MseLossBackward>)
Input Shape:
torch.Size([32, 3, 32, 32])
Label Shape:
torch.Size([32, 3, 32, 32])



tensor(0.1001, device='cuda:0', grad_fn=<MseLossBackward>)
Input Shape:
torch.Size([32, 3, 32, 32])
Label Shape:
torch.Size([32, 3, 32, 32])



tensor(0.1303, device='cuda:0', grad_fn=<MseLossBackward>)
Input Shape:
torch.Size([32, 3, 32, 32])
Label Shape:
torch.Size([32, 3, 32, 32])



tensor(0.1413, device='cuda:0', grad_fn=<MseLossBackward>)
Input Shape:
torch.Size([32, 3, 32, 32])
Label Shape:
torch.Size([32, 3, 32, 32])



tensor(0.0928, device='cuda:0', grad_fn=<MseLossBackward>)
Input Shape:
torch.Size([32, 3, 32, 32])
Label Shape:
torch.Size([32, 3, 32, 32])



tensor(0.0877, device='cuda:0', grad_fn=<MseLossBackward>)
Input Shape:
torch.Size([32, 3, 32, 32])
Label Shape:
torch.Size([32, 3, 32, 32])



tensor(0.1180, device='cuda:0', grad_fn=<MseLossBackward>)
Input Shape:
torch.Size([32, 3, 32, 32])
Label Shape:
torch.Size([32, 3, 32, 32])



tensor(0.0712, device='cuda:0', grad_fn=<MseLossBackward>)
Input Shape:
torch.Size([32, 3, 32, 32])
Label Shape:
torch.Size([32, 3, 32, 32])



tensor(0.0724, device='cuda:0', grad_fn=<MseLossBackward>)
Input Shape:
torch.Size([32, 3, 32, 32])
Label Shape:
torch.Size([32, 3, 32, 32])



tensor(0.1089, device='cuda:0', grad_fn=<MseLossBackward>)
Input Shape:
torch.Size([32, 3, 32, 32])
Label Shape:
torch.Size([32, 3, 32, 32])



tensor(0.1538, device='cuda:0', grad_fn=<MseLossBackward>)
Input Shape:
torch.Size([31, 3, 32, 32])
Label Shape:
torch.Size([31, 3, 32, 32])



tensor(0.1291, device='cuda:0', grad_fn=<MseLossBackward>)
tensor(0.1188, device='cuda:0')
tensor(0.1224, device='cuda:0')
tensor(0.1089, device='cuda:0')
tensor(0.1073, device='cuda:0')
tensor(0.1126, device='cuda:0')
tensor(0.1202, device='cuda:0')
tensor(0.1055, device='cuda:0')
tensor(0.1032, device='cuda:0')
tensor(0.1134, device='cuda:0')
tensor(0.1150, device='cuda:0')
tensor(0.1127, device='cuda:0')
tensor(0.1121, device='cuda:0')
tensor(0.1128, device='cuda:0')
04/14 03:48:10 AM epoch 2 lr 2.467010e-02
04/14 03:48:10 AM genotype = Genotype(normal=[('avg_pool_3x3', 1), ('sep_conv_3x3', 0), ('dil_conv_5x5', 0), ('dil_conv_5x5', 2), ('dil_conv_5x5', 0), ('sep_conv_5x5', 2), ('dil_conv_5x5', 0), ('sep_conv_5x5', 2)], normal_concat=range(2, 6), reduce=[('avg_pool_3x3', 1), ('dil_conv_3x3', 0), ('dil_conv_5x5', 2), ('sep_conv_5x5', 0), ('dil_conv_5x5', 3), ('dil_conv_3x3', 0), ('sep_conv_3x3', 4), ('skip_connect', 0)], reduce_concat=range(2, 6))
tensor([[0.1255, 0.1241, 0.1250, 0.1247, 0.1254, 0.1252, 0.1252, 0.1248],
        [0.1253, 0.1245, 0.1256, 0.1252, 0.1251, 0.1247, 0.1242, 0.1254],
        [0.1258, 0.1242, 0.1247, 0.1245, 0.1249, 0.1251, 0.1253, 0.1256],
        [0.1255, 0.1244, 0.1250, 0.1250, 0.1254, 0.1250, 0.1247, 0.1250],
        [0.1258, 0.1243, 0.1245, 0.1246, 0.1254, 0.1246, 0.1252, 0.1256],
        [0.1256, 0.1241, 0.1243, 0.1244, 0.1255, 0.1247, 0.1256, 0.1258],
        [0.1259, 0.1240, 0.1245, 0.1240, 0.1252, 0.1256, 0.1250, 0.1257],
        [0.1261, 0.1239, 0.1240, 0.1243, 0.1257, 0.1258, 0.1252, 0.1250],
        [0.1261, 0.1241, 0.1242, 0.1238, 0.1254, 0.1257, 0.1257, 0.1251],
        [0.1258, 0.1244, 0.1245, 0.1242, 0.1251, 0.1252, 0.1252, 0.1257],
        [0.1255, 0.1243, 0.1251, 0.1251, 0.1248, 0.1248, 0.1253, 0.1251],
        [0.1256, 0.1243, 0.1240, 0.1242, 0.1253, 0.1256, 0.1255, 0.1255],
        [0.1252, 0.1243, 0.1246, 0.1246, 0.1254, 0.1249, 0.1255, 0.1254],
        [0.1256, 0.1244, 0.1244, 0.1243, 0.1253, 0.1254, 0.1251, 0.1255]],
       device='cuda:0', grad_fn=<SoftmaxBackward>)
tensor([[0.1258, 0.1244, 0.1244, 0.1246, 0.1252, 0.1247, 0.1258, 0.1250],
        [0.1242, 0.1257, 0.1259, 0.1244, 0.1244, 0.1253, 0.1254, 0.1247],
        [0.1254, 0.1244, 0.1244, 0.1252, 0.1248, 0.1255, 0.1250, 0.1253],
        [0.1254, 0.1254, 0.1251, 0.1242, 0.1249, 0.1250, 0.1255, 0.1245],
        [0.1246, 0.1246, 0.1247, 0.1246, 0.1252, 0.1254, 0.1253, 0.1256],
        [0.1255, 0.1242, 0.1245, 0.1243, 0.1254, 0.1250, 0.1256, 0.1254],
        [0.1245, 0.1256, 0.1256, 0.1247, 0.1248, 0.1252, 0.1244, 0.1251],
        [0.1253, 0.1245, 0.1247, 0.1254, 0.1255, 0.1250, 0.1249, 0.1247],
        [0.1252, 0.1246, 0.1246, 0.1248, 0.1254, 0.1244, 0.1252, 0.1258],
        [0.1251, 0.1247, 0.1243, 0.1257, 0.1251, 0.1245, 0.1252, 0.1253],
        [0.1245, 0.1255, 0.1252, 0.1252, 0.1252, 0.1249, 0.1250, 0.1245],
        [0.1247, 0.1252, 0.1251, 0.1246, 0.1249, 0.1246, 0.1253, 0.1255],
        [0.1245, 0.1255, 0.1254, 0.1250, 0.1249, 0.1245, 0.1252, 0.1249],
        [0.1245, 0.1253, 0.1253, 0.1251, 0.1260, 0.1247, 0.1245, 0.1247]],
       device='cuda:0', grad_fn=<SoftmaxBackward>)
Input Shape:
torch.Size([32, 3, 32, 32])
Label Shape:
torch.Size([32, 3, 32, 32])



tensor(0.1044, device='cuda:0', grad_fn=<MseLossBackward>)
Input Shape:
torch.Size([32, 3, 32, 32])
Label Shape:
torch.Size([32, 3, 32, 32])



tensor(0.0724, device='cuda:0', grad_fn=<MseLossBackward>)
Input Shape:
torch.Size([32, 3, 32, 32])
Label Shape:
torch.Size([32, 3, 32, 32])



tensor(0.0899, device='cuda:0', grad_fn=<MseLossBackward>)
Input Shape:
torch.Size([32, 3, 32, 32])
Label Shape:
torch.Size([32, 3, 32, 32])



tensor(0.0955, device='cuda:0', grad_fn=<MseLossBackward>)
Input Shape:
torch.Size([32, 3, 32, 32])
Label Shape:
torch.Size([32, 3, 32, 32])



tensor(0.1034, device='cuda:0', grad_fn=<MseLossBackward>)
Input Shape:
torch.Size([32, 3, 32, 32])
Label Shape:
torch.Size([32, 3, 32, 32])



tensor(0.1023, device='cuda:0', grad_fn=<MseLossBackward>)
Input Shape:
torch.Size([32, 3, 32, 32])
Label Shape:
torch.Size([32, 3, 32, 32])



tensor(0.1302, device='cuda:0', grad_fn=<MseLossBackward>)
Input Shape:
torch.Size([32, 3, 32, 32])
Label Shape:
torch.Size([32, 3, 32, 32])



tensor(0.1004, device='cuda:0', grad_fn=<MseLossBackward>)
Input Shape:
torch.Size([32, 3, 32, 32])
Label Shape:
torch.Size([32, 3, 32, 32])



tensor(0.1111, device='cuda:0', grad_fn=<MseLossBackward>)
Input Shape:
torch.Size([32, 3, 32, 32])
Label Shape:
torch.Size([32, 3, 32, 32])



tensor(0.1066, device='cuda:0', grad_fn=<MseLossBackward>)
Input Shape:
torch.Size([32, 3, 32, 32])
Label Shape:
torch.Size([32, 3, 32, 32])



tensor(0.0842, device='cuda:0', grad_fn=<MseLossBackward>)
Input Shape:
torch.Size([32, 3, 32, 32])
Label Shape:
torch.Size([32, 3, 32, 32])



tensor(0.1142, device='cuda:0', grad_fn=<MseLossBackward>)
Input Shape:
torch.Size([31, 3, 32, 32])
Label Shape:
torch.Size([31, 3, 32, 32])



tensor(0.0961, device='cuda:0', grad_fn=<MseLossBackward>)
tensor(0.1055, device='cuda:0')
tensor(0.1027, device='cuda:0')
tensor(0.1017, device='cuda:0')
tensor(0.1055, device='cuda:0')
tensor(0.0998, device='cuda:0')
tensor(0.0998, device='cuda:0')
tensor(0.1049, device='cuda:0')
tensor(0.1004, device='cuda:0')
tensor(0.1026, device='cuda:0')
tensor(0.1021, device='cuda:0')
tensor(0.0989, device='cuda:0')
tensor(0.1038, device='cuda:0')
tensor(0.1027, device='cuda:0')
04/14 03:51:02 AM epoch 3 lr 2.445969e-02
04/14 03:51:02 AM genotype = Genotype(normal=[('avg_pool_3x3', 1), ('sep_conv_3x3', 0), ('dil_conv_5x5', 0), ('dil_conv_5x5', 2), ('sep_conv_5x5', 2), ('dil_conv_5x5', 0), ('dil_conv_5x5', 0), ('sep_conv_5x5', 2)], normal_concat=range(2, 6), reduce=[('avg_pool_3x3', 1), ('dil_conv_3x3', 0), ('sep_conv_5x5', 0), ('dil_conv_5x5', 2), ('dil_conv_5x5', 3), ('avg_pool_3x3', 1), ('sep_conv_3x3', 4), ('skip_connect', 0)], reduce_concat=range(2, 6))
tensor([[0.1260, 0.1237, 0.1249, 0.1247, 0.1256, 0.1254, 0.1252, 0.1245],
        [0.1253, 0.1243, 0.1259, 0.1256, 0.1252, 0.1242, 0.1237, 0.1258],
        [0.1262, 0.1238, 0.1242, 0.1239, 0.1248, 0.1256, 0.1256, 0.1260],
        [0.1257, 0.1240, 0.1249, 0.1248, 0.1255, 0.1253, 0.1246, 0.1253],
        [0.1263, 0.1239, 0.1241, 0.1242, 0.1257, 0.1243, 0.1257, 0.1259],
        [0.1259, 0.1237, 0.1240, 0.1241, 0.1257, 0.1248, 0.1258, 0.1261],
        [0.1261, 0.1237, 0.1241, 0.1235, 0.1257, 0.1259, 0.1250, 0.1260],
        [0.1265, 0.1235, 0.1236, 0.1238, 0.1261, 0.1261, 0.1254, 0.1251],
        [0.1264, 0.1237, 0.1238, 0.1234, 0.1257, 0.1259, 0.1258, 0.1252],
        [0.1261, 0.1241, 0.1241, 0.1237, 0.1255, 0.1252, 0.1253, 0.1259],
        [0.1258, 0.1242, 0.1252, 0.1251, 0.1247, 0.1246, 0.1255, 0.1250],
        [0.1258, 0.1240, 0.1236, 0.1236, 0.1257, 0.1259, 0.1258, 0.1256],
        [0.1254, 0.1241, 0.1244, 0.1243, 0.1255, 0.1248, 0.1258, 0.1257],
        [0.1259, 0.1242, 0.1242, 0.1240, 0.1255, 0.1254, 0.1253, 0.1255]],
       device='cuda:0', grad_fn=<SoftmaxBackward>)
tensor([[0.1260, 0.1244, 0.1244, 0.1241, 0.1254, 0.1245, 0.1259, 0.1253],
        [0.1240, 0.1259, 0.1262, 0.1241, 0.1242, 0.1254, 0.1256, 0.1245],
        [0.1255, 0.1242, 0.1242, 0.1252, 0.1248, 0.1259, 0.1250, 0.1251],
        [0.1256, 0.1252, 0.1249, 0.1239, 0.1252, 0.1253, 0.1255, 0.1245],
        [0.1243, 0.1243, 0.1245, 0.1242, 0.1256, 0.1258, 0.1255, 0.1258],
        [0.1257, 0.1239, 0.1242, 0.1240, 0.1259, 0.1249, 0.1259, 0.1255],
        [0.1241, 0.1259, 0.1259, 0.1247, 0.1246, 0.1255, 0.1241, 0.1252],
        [0.1254, 0.1244, 0.1246, 0.1255, 0.1257, 0.1250, 0.1247, 0.1246],
        [0.1253, 0.1245, 0.1246, 0.1248, 0.1255, 0.1242, 0.1250, 0.1261],
        [0.1253, 0.1243, 0.1240, 0.1260, 0.1252, 0.1246, 0.1250, 0.1257],
        [0.1242, 0.1255, 0.1251, 0.1253, 0.1254, 0.1249, 0.1250, 0.1245],
        [0.1248, 0.1253, 0.1250, 0.1245, 0.1248, 0.1247, 0.1254, 0.1256],
        [0.1244, 0.1256, 0.1254, 0.1247, 0.1249, 0.1243, 0.1256, 0.1251],
        [0.1245, 0.1254, 0.1253, 0.1251, 0.1263, 0.1246, 0.1244, 0.1245]],
       device='cuda:0', grad_fn=<SoftmaxBackward>)
Input Shape:
torch.Size([32, 3, 32, 32])
Label Shape:
torch.Size([32, 3, 32, 32])



tensor(0.1012, device='cuda:0', grad_fn=<MseLossBackward>)
Input Shape:
torch.Size([32, 3, 32, 32])
Label Shape:
torch.Size([32, 3, 32, 32])



tensor(0.1296, device='cuda:0', grad_fn=<MseLossBackward>)
Input Shape:
torch.Size([32, 3, 32, 32])
Label Shape:
torch.Size([32, 3, 32, 32])



tensor(0.0786, device='cuda:0', grad_fn=<MseLossBackward>)
Input Shape:
torch.Size([32, 3, 32, 32])
Label Shape:
torch.Size([32, 3, 32, 32])



tensor(0.1106, device='cuda:0', grad_fn=<MseLossBackward>)
Input Shape:
torch.Size([32, 3, 32, 32])
Label Shape:
torch.Size([32, 3, 32, 32])



tensor(0.1445, device='cuda:0', grad_fn=<MseLossBackward>)
Input Shape:
torch.Size([32, 3, 32, 32])
Label Shape:
torch.Size([32, 3, 32, 32])



tensor(0.0853, device='cuda:0', grad_fn=<MseLossBackward>)
Input Shape:
torch.Size([32, 3, 32, 32])
Label Shape:
torch.Size([32, 3, 32, 32])



tensor(0.1113, device='cuda:0', grad_fn=<MseLossBackward>)
Input Shape:
torch.Size([32, 3, 32, 32])
Label Shape:
torch.Size([32, 3, 32, 32])



tensor(0.1289, device='cuda:0', grad_fn=<MseLossBackward>)
Input Shape:
torch.Size([32, 3, 32, 32])
Label Shape:
torch.Size([32, 3, 32, 32])



tensor(0.0719, device='cuda:0', grad_fn=<MseLossBackward>)
Input Shape:
torch.Size([32, 3, 32, 32])
Label Shape:
torch.Size([32, 3, 32, 32])



tensor(0.0993, device='cuda:0', grad_fn=<MseLossBackward>)
Input Shape:
torch.Size([32, 3, 32, 32])
Label Shape:
torch.Size([32, 3, 32, 32])



tensor(0.0595, device='cuda:0', grad_fn=<MseLossBackward>)
Input Shape:
torch.Size([32, 3, 32, 32])
Label Shape:
torch.Size([32, 3, 32, 32])



tensor(0.1296, device='cuda:0', grad_fn=<MseLossBackward>)
Input Shape:
torch.Size([31, 3, 32, 32])
Label Shape:
torch.Size([31, 3, 32, 32])



tensor(0.0650, device='cuda:0', grad_fn=<MseLossBackward>)
tensor(0.0892, device='cuda:0')
tensor(0.0818, device='cuda:0')
tensor(0.0786, device='cuda:0')
tensor(0.0844, device='cuda:0')
tensor(0.0803, device='cuda:0')
tensor(0.0816, device='cuda:0')
tensor(0.0842, device='cuda:0')
tensor(0.0813, device='cuda:0')
tensor(0.0855, device='cuda:0')
tensor(0.0832, device='cuda:0')
tensor(0.0816, device='cuda:0')
tensor(0.0789, device='cuda:0')
tensor(0.0835, device='cuda:0')
04/14 03:53:54 AM epoch 4 lr 2.420423e-02
04/14 03:53:54 AM genotype = Genotype(normal=[('avg_pool_3x3', 1), ('sep_conv_3x3', 0), ('dil_conv_5x5', 0), ('dil_conv_5x5', 2), ('sep_conv_5x5', 2), ('dil_conv_5x5', 0), ('sep_conv_5x5', 2), ('dil_conv_5x5', 0)], normal_concat=range(2, 6), reduce=[('avg_pool_3x3', 1), ('dil_conv_3x3', 0), ('sep_conv_5x5', 0), ('sep_conv_5x5', 2), ('dil_conv_5x5', 3), ('dil_conv_3x3', 0), ('sep_conv_3x3', 4), ('skip_connect', 0)], reduce_concat=range(2, 6))
tensor([[0.1265, 0.1233, 0.1247, 0.1244, 0.1261, 0.1255, 0.1253, 0.1242],
        [0.1253, 0.1241, 0.1262, 0.1258, 0.1255, 0.1237, 0.1233, 0.1262],
        [0.1266, 0.1233, 0.1236, 0.1233, 0.1249, 0.1261, 0.1259, 0.1263],
        [0.1260, 0.1237, 0.1246, 0.1244, 0.1255, 0.1256, 0.1244, 0.1258],
        [0.1268, 0.1234, 0.1237, 0.1237, 0.1260, 0.1240, 0.1262, 0.1263],
        [0.1262, 0.1233, 0.1235, 0.1236, 0.1261, 0.1248, 0.1260, 0.1264],
        [0.1264, 0.1233, 0.1237, 0.1231, 0.1261, 0.1261, 0.1251, 0.1263],
        [0.1268, 0.1230, 0.1231, 0.1233, 0.1264, 0.1265, 0.1257, 0.1251],
        [0.1267, 0.1233, 0.1234, 0.1230, 0.1259, 0.1263, 0.1260, 0.1254],
        [0.1265, 0.1237, 0.1235, 0.1231, 0.1260, 0.1255, 0.1256, 0.1261],
        [0.1260, 0.1240, 0.1255, 0.1253, 0.1243, 0.1243, 0.1257, 0.1248],
        [0.1260, 0.1236, 0.1231, 0.1231, 0.1261, 0.1262, 0.1262, 0.1258],
        [0.1258, 0.1237, 0.1240, 0.1239, 0.1257, 0.1247, 0.1260, 0.1261],
        [0.1263, 0.1239, 0.1239, 0.1237, 0.1258, 0.1253, 0.1254, 0.1256]],
       device='cuda:0', grad_fn=<SoftmaxBackward>)
tensor([[0.1263, 0.1244, 0.1244, 0.1235, 0.1256, 0.1244, 0.1260, 0.1255],
        [0.1239, 0.1262, 0.1265, 0.1238, 0.1240, 0.1256, 0.1257, 0.1243],
        [0.1256, 0.1239, 0.1239, 0.1254, 0.1249, 0.1263, 0.1251, 0.1250],
        [0.1258, 0.1249, 0.1246, 0.1235, 0.1254, 0.1256, 0.1255, 0.1246],
        [0.1242, 0.1239, 0.1241, 0.1238, 0.1260, 0.1261, 0.1259, 0.1259],
        [0.1261, 0.1236, 0.1238, 0.1235, 0.1263, 0.1247, 0.1263, 0.1256],
        [0.1237, 0.1262, 0.1262, 0.1245, 0.1244, 0.1259, 0.1238, 0.1254],
        [0.1256, 0.1242, 0.1244, 0.1254, 0.1259, 0.1251, 0.1246, 0.1249],
        [0.1253, 0.1245, 0.1246, 0.1249, 0.1255, 0.1239, 0.1248, 0.1265],
        [0.1254, 0.1240, 0.1235, 0.1263, 0.1254, 0.1246, 0.1247, 0.1261],
        [0.1239, 0.1254, 0.1250, 0.1256, 0.1256, 0.1249, 0.1251, 0.1244],
        [0.1250, 0.1254, 0.1250, 0.1243, 0.1246, 0.1246, 0.1254, 0.1257],
        [0.1241, 0.1257, 0.1254, 0.1243, 0.1248, 0.1240, 0.1261, 0.1255],
        [0.1245, 0.1256, 0.1253, 0.1251, 0.1267, 0.1245, 0.1242, 0.1241]],
       device='cuda:0', grad_fn=<SoftmaxBackward>)
Input Shape:
torch.Size([32, 3, 32, 32])
Label Shape:
torch.Size([32, 3, 32, 32])



tensor(0.0867, device='cuda:0', grad_fn=<MseLossBackward>)
Input Shape:
torch.Size([32, 3, 32, 32])
Label Shape:
torch.Size([32, 3, 32, 32])



tensor(0.1042, device='cuda:0', grad_fn=<MseLossBackward>)
Input Shape:
torch.Size([32, 3, 32, 32])
Label Shape:
torch.Size([32, 3, 32, 32])



tensor(0.1184, device='cuda:0', grad_fn=<MseLossBackward>)
Input Shape:
torch.Size([32, 3, 32, 32])
Label Shape:
torch.Size([32, 3, 32, 32])



tensor(0.1166, device='cuda:0', grad_fn=<MseLossBackward>)
Input Shape:
torch.Size([32, 3, 32, 32])
Label Shape:
torch.Size([32, 3, 32, 32])



tensor(0.1241, device='cuda:0', grad_fn=<MseLossBackward>)
Input Shape:
torch.Size([32, 3, 32, 32])
Label Shape:
torch.Size([32, 3, 32, 32])



tensor(0.1189, device='cuda:0', grad_fn=<MseLossBackward>)
Input Shape:
torch.Size([32, 3, 32, 32])
Label Shape:
torch.Size([32, 3, 32, 32])



tensor(0.1041, device='cuda:0', grad_fn=<MseLossBackward>)
Input Shape:
torch.Size([32, 3, 32, 32])
Label Shape:
torch.Size([32, 3, 32, 32])



tensor(0.0933, device='cuda:0', grad_fn=<MseLossBackward>)
Input Shape:
torch.Size([32, 3, 32, 32])
Label Shape:
torch.Size([32, 3, 32, 32])



tensor(0.0777, device='cuda:0', grad_fn=<MseLossBackward>)
Input Shape:
torch.Size([32, 3, 32, 32])
Label Shape:
torch.Size([32, 3, 32, 32])



tensor(0.0896, device='cuda:0', grad_fn=<MseLossBackward>)
Input Shape:
torch.Size([32, 3, 32, 32])
Label Shape:
torch.Size([32, 3, 32, 32])



tensor(0.0632, device='cuda:0', grad_fn=<MseLossBackward>)
Input Shape:
torch.Size([32, 3, 32, 32])
Label Shape:
torch.Size([32, 3, 32, 32])



tensor(0.1283, device='cuda:0', grad_fn=<MseLossBackward>)
Input Shape:
torch.Size([31, 3, 32, 32])
Label Shape:
torch.Size([31, 3, 32, 32])



tensor(0.0718, device='cuda:0', grad_fn=<MseLossBackward>)
tensor(0.0947, device='cuda:0')
tensor(0.0983, device='cuda:0')
tensor(0.0955, device='cuda:0')
tensor(0.0990, device='cuda:0')
tensor(0.0959, device='cuda:0')
tensor(0.0948, device='cuda:0')
tensor(0.1006, device='cuda:0')
tensor(0.0977, device='cuda:0')
tensor(0.1069, device='cuda:0')
tensor(0.1046, device='cuda:0')
tensor(0.0970, device='cuda:0')
tensor(0.0972, device='cuda:0')
tensor(0.1007, device='cuda:0')
04/14 03:56:46 AM epoch 5 lr 2.390474e-02
04/14 03:56:46 AM genotype = Genotype(normal=[('dil_conv_5x5', 1), ('sep_conv_3x3', 0), ('dil_conv_5x5', 0), ('dil_conv_3x3', 2), ('sep_conv_5x5', 2), ('dil_conv_5x5', 0), ('dil_conv_3x3', 2), ('dil_conv_5x5', 0)], normal_concat=range(2, 6), reduce=[('avg_pool_3x3', 1), ('dil_conv_3x3', 0), ('sep_conv_5x5', 0), ('sep_conv_3x3', 2), ('dil_conv_5x5', 3), ('sep_conv_3x3', 0), ('sep_conv_3x3', 4), ('skip_connect', 0)], reduce_concat=range(2, 6))
tensor([[0.1270, 0.1228, 0.1245, 0.1240, 0.1264, 0.1258, 0.1255, 0.1239],
        [0.1252, 0.1238, 0.1264, 0.1260, 0.1258, 0.1232, 0.1229, 0.1266],
        [0.1270, 0.1228, 0.1230, 0.1228, 0.1249, 0.1265, 0.1263, 0.1268],
        [0.1264, 0.1233, 0.1244, 0.1242, 0.1255, 0.1259, 0.1242, 0.1261],
        [0.1272, 0.1230, 0.1233, 0.1233, 0.1263, 0.1236, 0.1267, 0.1266],
        [0.1266, 0.1228, 0.1230, 0.1231, 0.1265, 0.1249, 0.1264, 0.1267],
        [0.1267, 0.1229, 0.1233, 0.1226, 0.1265, 0.1264, 0.1251, 0.1266],
        [0.1271, 0.1226, 0.1227, 0.1228, 0.1268, 0.1268, 0.1261, 0.1251],
        [0.1270, 0.1229, 0.1230, 0.1225, 0.1261, 0.1266, 0.1263, 0.1256],
        [0.1268, 0.1233, 0.1230, 0.1226, 0.1263, 0.1255, 0.1259, 0.1265],
        [0.1263, 0.1238, 0.1257, 0.1255, 0.1239, 0.1241, 0.1260, 0.1246],
        [0.1261, 0.1232, 0.1226, 0.1225, 0.1265, 0.1264, 0.1265, 0.1260],
        [0.1261, 0.1234, 0.1237, 0.1235, 0.1258, 0.1246, 0.1263, 0.1265],
        [0.1266, 0.1236, 0.1237, 0.1234, 0.1262, 0.1253, 0.1255, 0.1257]],
       device='cuda:0', grad_fn=<SoftmaxBackward>)
tensor([[0.1265, 0.1244, 0.1243, 0.1230, 0.1257, 0.1242, 0.1260, 0.1258],
        [0.1238, 0.1264, 0.1267, 0.1236, 0.1239, 0.1258, 0.1257, 0.1242],
        [0.1258, 0.1237, 0.1237, 0.1255, 0.1248, 0.1266, 0.1251, 0.1247],
        [0.1261, 0.1245, 0.1242, 0.1231, 0.1257, 0.1259, 0.1257, 0.1247],
        [0.1240, 0.1237, 0.1238, 0.1235, 0.1265, 0.1264, 0.1262, 0.1260],
        [0.1265, 0.1234, 0.1235, 0.1232, 0.1268, 0.1244, 0.1267, 0.1256],
        [0.1232, 0.1265, 0.1264, 0.1244, 0.1241, 0.1262, 0.1235, 0.1256],
        [0.1256, 0.1241, 0.1242, 0.1253, 0.1260, 0.1251, 0.1245, 0.1251],
        [0.1253, 0.1246, 0.1247, 0.1249, 0.1256, 0.1237, 0.1245, 0.1268],
        [0.1256, 0.1236, 0.1231, 0.1265, 0.1257, 0.1247, 0.1243, 0.1265],
        [0.1236, 0.1253, 0.1248, 0.1259, 0.1259, 0.1251, 0.1252, 0.1242],
        [0.1250, 0.1257, 0.1250, 0.1241, 0.1242, 0.1247, 0.1254, 0.1258],
        [0.1239, 0.1259, 0.1255, 0.1241, 0.1248, 0.1237, 0.1265, 0.1256],
        [0.1243, 0.1259, 0.1255, 0.1252, 0.1270, 0.1244, 0.1240, 0.1236]],
       device='cuda:0', grad_fn=<SoftmaxBackward>)
Input Shape:
torch.Size([32, 3, 32, 32])
Label Shape:
torch.Size([32, 3, 32, 32])



tensor(0.0933, device='cuda:0', grad_fn=<MseLossBackward>)
Input Shape:
torch.Size([32, 3, 32, 32])
Label Shape:
torch.Size([32, 3, 32, 32])



tensor(0.0779, device='cuda:0', grad_fn=<MseLossBackward>)
Input Shape:
torch.Size([32, 3, 32, 32])
Label Shape:
torch.Size([32, 3, 32, 32])



tensor(0.0901, device='cuda:0', grad_fn=<MseLossBackward>)
Input Shape:
torch.Size([32, 3, 32, 32])
Label Shape:
torch.Size([32, 3, 32, 32])



tensor(0.0805, device='cuda:0', grad_fn=<MseLossBackward>)
Input Shape:
torch.Size([32, 3, 32, 32])
Label Shape:
torch.Size([32, 3, 32, 32])



tensor(0.0750, device='cuda:0', grad_fn=<MseLossBackward>)
Input Shape:
torch.Size([32, 3, 32, 32])
Label Shape:
torch.Size([32, 3, 32, 32])



tensor(0.1328, device='cuda:0', grad_fn=<MseLossBackward>)
Input Shape:
torch.Size([32, 3, 32, 32])
Label Shape:
torch.Size([32, 3, 32, 32])



tensor(0.0774, device='cuda:0', grad_fn=<MseLossBackward>)
Input Shape:
torch.Size([32, 3, 32, 32])
Label Shape:
torch.Size([32, 3, 32, 32])



tensor(0.1177, device='cuda:0', grad_fn=<MseLossBackward>)
Input Shape:
torch.Size([32, 3, 32, 32])
Label Shape:
torch.Size([32, 3, 32, 32])



tensor(0.1360, device='cuda:0', grad_fn=<MseLossBackward>)
Input Shape:
torch.Size([32, 3, 32, 32])
Label Shape:
torch.Size([32, 3, 32, 32])



tensor(0.0728, device='cuda:0', grad_fn=<MseLossBackward>)
Input Shape:
torch.Size([32, 3, 32, 32])
Label Shape:
torch.Size([32, 3, 32, 32])



tensor(0.1469, device='cuda:0', grad_fn=<MseLossBackward>)
Input Shape:
torch.Size([32, 3, 32, 32])
Label Shape:
torch.Size([32, 3, 32, 32])



tensor(0.0888, device='cuda:0', grad_fn=<MseLossBackward>)
Input Shape:
torch.Size([31, 3, 32, 32])
Label Shape:
torch.Size([31, 3, 32, 32])



tensor(0.0981, device='cuda:0', grad_fn=<MseLossBackward>)
tensor(0.1115, device='cuda:0')
tensor(0.1032, device='cuda:0')
tensor(0.1139, device='cuda:0')
tensor(0.1016, device='cuda:0')
tensor(0.1055, device='cuda:0')
tensor(0.1086, device='cuda:0')
tensor(0.1079, device='cuda:0')
tensor(0.1063, device='cuda:0')
tensor(0.1072, device='cuda:0')
tensor(0.1044, device='cuda:0')
tensor(0.1081, device='cuda:0')
tensor(0.1101, device='cuda:0')
tensor(0.1057, device='cuda:0')
04/14 03:59:38 AM epoch 6 lr 2.356240e-02
04/14 03:59:38 AM genotype = Genotype(normal=[('dil_conv_5x5', 1), ('sep_conv_3x3', 0), ('dil_conv_5x5', 0), ('dil_conv_3x3', 2), ('sep_conv_5x5', 2), ('sep_conv_5x5', 3), ('dil_conv_3x3', 2), ('dil_conv_5x5', 3)], normal_concat=range(2, 6), reduce=[('avg_pool_3x3', 1), ('dil_conv_5x5', 0), ('sep_conv_5x5', 0), ('sep_conv_3x3', 2), ('dil_conv_5x5', 3), ('sep_conv_3x3', 0), ('sep_conv_3x3', 4), ('dil_conv_3x3', 3)], reduce_concat=range(2, 6))
tensor([[0.1275, 0.1224, 0.1242, 0.1237, 0.1268, 0.1262, 0.1256, 0.1236],
        [0.1251, 0.1236, 0.1266, 0.1262, 0.1262, 0.1228, 0.1224, 0.1270],
        [0.1274, 0.1223, 0.1225, 0.1222, 0.1249, 0.1269, 0.1267, 0.1272],
        [0.1267, 0.1229, 0.1242, 0.1239, 0.1256, 0.1263, 0.1239, 0.1265],
        [0.1277, 0.1226, 0.1229, 0.1229, 0.1267, 0.1232, 0.1272, 0.1268],
        [0.1270, 0.1224, 0.1226, 0.1227, 0.1268, 0.1249, 0.1267, 0.1269],
        [0.1269, 0.1225, 0.1228, 0.1222, 0.1269, 0.1267, 0.1252, 0.1268],
        [0.1275, 0.1222, 0.1222, 0.1223, 0.1271, 0.1272, 0.1265, 0.1250],
        [0.1272, 0.1225, 0.1225, 0.1221, 0.1262, 0.1271, 0.1266, 0.1257],
        [0.1271, 0.1229, 0.1226, 0.1222, 0.1267, 0.1256, 0.1261, 0.1267],
        [0.1265, 0.1237, 0.1260, 0.1257, 0.1236, 0.1238, 0.1263, 0.1245],
        [0.1263, 0.1229, 0.1223, 0.1221, 0.1267, 0.1266, 0.1269, 0.1262],
        [0.1263, 0.1232, 0.1234, 0.1232, 0.1260, 0.1245, 0.1266, 0.1268],
        [0.1269, 0.1234, 0.1235, 0.1232, 0.1265, 0.1252, 0.1255, 0.1258]],
       device='cuda:0', grad_fn=<SoftmaxBackward>)
tensor([[0.1267, 0.1245, 0.1242, 0.1226, 0.1258, 0.1241, 0.1259, 0.1261],
        [0.1237, 0.1265, 0.1268, 0.1234, 0.1237, 0.1259, 0.1259, 0.1240],
        [0.1260, 0.1235, 0.1235, 0.1256, 0.1247, 0.1271, 0.1251, 0.1245],
        [0.1264, 0.1242, 0.1238, 0.1228, 0.1259, 0.1262, 0.1259, 0.1246],
        [0.1240, 0.1234, 0.1235, 0.1231, 0.1270, 0.1267, 0.1264, 0.1259],
        [0.1269, 0.1232, 0.1232, 0.1228, 0.1271, 0.1242, 0.1270, 0.1256],
        [0.1229, 0.1267, 0.1266, 0.1243, 0.1238, 0.1266, 0.1232, 0.1258],
        [0.1258, 0.1240, 0.1240, 0.1252, 0.1261, 0.1252, 0.1244, 0.1253],
        [0.1252, 0.1246, 0.1247, 0.1249, 0.1255, 0.1236, 0.1243, 0.1272],
        [0.1257, 0.1235, 0.1229, 0.1267, 0.1259, 0.1248, 0.1238, 0.1268],
        [0.1233, 0.1252, 0.1246, 0.1261, 0.1262, 0.1253, 0.1252, 0.1240],
        [0.1248, 0.1261, 0.1251, 0.1241, 0.1239, 0.1247, 0.1255, 0.1258],
        [0.1236, 0.1261, 0.1256, 0.1240, 0.1247, 0.1234, 0.1269, 0.1257],
        [0.1241, 0.1262, 0.1257, 0.1253, 0.1273, 0.1243, 0.1239, 0.1232]],
       device='cuda:0', grad_fn=<SoftmaxBackward>)
Input Shape:
torch.Size([32, 3, 32, 32])
Label Shape:
torch.Size([32, 3, 32, 32])



tensor(0.0977, device='cuda:0', grad_fn=<MseLossBackward>)
Input Shape:
torch.Size([32, 3, 32, 32])
Label Shape:
torch.Size([32, 3, 32, 32])



tensor(0.0589, device='cuda:0', grad_fn=<MseLossBackward>)
Input Shape:
torch.Size([32, 3, 32, 32])
Label Shape:
torch.Size([32, 3, 32, 32])



tensor(0.1326, device='cuda:0', grad_fn=<MseLossBackward>)
Input Shape:
torch.Size([32, 3, 32, 32])
Label Shape:
torch.Size([32, 3, 32, 32])



tensor(0.1419, device='cuda:0', grad_fn=<MseLossBackward>)
Input Shape:
torch.Size([32, 3, 32, 32])
Label Shape:
torch.Size([32, 3, 32, 32])



tensor(0.0508, device='cuda:0', grad_fn=<MseLossBackward>)
Input Shape:
torch.Size([32, 3, 32, 32])
Label Shape:
torch.Size([32, 3, 32, 32])



tensor(0.1218, device='cuda:0', grad_fn=<MseLossBackward>)
Input Shape:
torch.Size([32, 3, 32, 32])
Label Shape:
torch.Size([32, 3, 32, 32])



tensor(0.1226, device='cuda:0', grad_fn=<MseLossBackward>)
Input Shape:
torch.Size([32, 3, 32, 32])
Label Shape:
torch.Size([32, 3, 32, 32])



tensor(0.0884, device='cuda:0', grad_fn=<MseLossBackward>)
Input Shape:
torch.Size([32, 3, 32, 32])
Label Shape:
torch.Size([32, 3, 32, 32])



tensor(0.0709, device='cuda:0', grad_fn=<MseLossBackward>)
Input Shape:
torch.Size([32, 3, 32, 32])
Label Shape:
torch.Size([32, 3, 32, 32])



tensor(0.1216, device='cuda:0', grad_fn=<MseLossBackward>)
Input Shape:
torch.Size([32, 3, 32, 32])
Label Shape:
torch.Size([32, 3, 32, 32])



tensor(0.0904, device='cuda:0', grad_fn=<MseLossBackward>)
Input Shape:
torch.Size([32, 3, 32, 32])
Label Shape:
torch.Size([32, 3, 32, 32])



tensor(0.0749, device='cuda:0', grad_fn=<MseLossBackward>)
Input Shape:
torch.Size([31, 3, 32, 32])
Label Shape:
torch.Size([31, 3, 32, 32])



tensor(0.1246, device='cuda:0', grad_fn=<MseLossBackward>)
tensor(0.0998, device='cuda:0')
tensor(0.0983, device='cuda:0')
tensor(0.1058, device='cuda:0')
tensor(0.1057, device='cuda:0')
tensor(0.0992, device='cuda:0')
tensor(0.1047, device='cuda:0')
tensor(0.1025, device='cuda:0')
tensor(0.1008, device='cuda:0')
tensor(0.1022, device='cuda:0')
tensor(0.1002, device='cuda:0')
tensor(0.1044, device='cuda:0')
tensor(0.0987, device='cuda:0')
tensor(0.1039, device='cuda:0')
04/14 04:02:31 AM epoch 7 lr 2.317856e-02
04/14 04:02:31 AM genotype = Genotype(normal=[('dil_conv_5x5', 1), ('sep_conv_3x3', 0), ('dil_conv_3x3', 2), ('dil_conv_5x5', 0), ('sep_conv_5x5', 2), ('sep_conv_5x5', 3), ('dil_conv_3x3', 2), ('dil_conv_5x5', 3)], normal_concat=range(2, 6), reduce=[('avg_pool_3x3', 1), ('dil_conv_5x5', 0), ('sep_conv_3x3', 2), ('sep_conv_5x5', 0), ('dil_conv_5x5', 3), ('sep_conv_3x3', 0), ('sep_conv_3x3', 4), ('dil_conv_3x3', 3)], reduce_concat=range(2, 6))
tensor([[0.1280, 0.1220, 0.1239, 0.1234, 0.1272, 0.1265, 0.1257, 0.1232],
        [0.1252, 0.1234, 0.1268, 0.1263, 0.1267, 0.1225, 0.1220, 0.1272],
        [0.1278, 0.1218, 0.1219, 0.1217, 0.1250, 0.1273, 0.1269, 0.1276],
        [0.1270, 0.1226, 0.1239, 0.1236, 0.1256, 0.1266, 0.1238, 0.1270],
        [0.1281, 0.1222, 0.1224, 0.1224, 0.1272, 0.1229, 0.1276, 0.1273],
        [0.1274, 0.1219, 0.1221, 0.1222, 0.1272, 0.1250, 0.1269, 0.1272],
        [0.1271, 0.1221, 0.1224, 0.1217, 0.1272, 0.1271, 0.1253, 0.1271],
        [0.1277, 0.1218, 0.1218, 0.1218, 0.1275, 0.1276, 0.1269, 0.1250],
        [0.1275, 0.1221, 0.1221, 0.1216, 0.1264, 0.1274, 0.1268, 0.1259],
        [0.1274, 0.1226, 0.1221, 0.1217, 0.1270, 0.1257, 0.1264, 0.1270],
        [0.1268, 0.1235, 0.1260, 0.1256, 0.1234, 0.1237, 0.1265, 0.1245],
        [0.1265, 0.1225, 0.1218, 0.1216, 0.1270, 0.1270, 0.1273, 0.1263],
        [0.1266, 0.1229, 0.1231, 0.1228, 0.1262, 0.1243, 0.1270, 0.1271],
        [0.1273, 0.1231, 0.1232, 0.1228, 0.1267, 0.1253, 0.1258, 0.1257]],
       device='cuda:0', grad_fn=<SoftmaxBackward>)
tensor([[0.1270, 0.1245, 0.1241, 0.1222, 0.1260, 0.1241, 0.1260, 0.1262],
        [0.1237, 0.1265, 0.1268, 0.1233, 0.1236, 0.1261, 0.1261, 0.1239],
        [0.1262, 0.1234, 0.1233, 0.1257, 0.1248, 0.1275, 0.1249, 0.1242],
        [0.1267, 0.1238, 0.1234, 0.1225, 0.1262, 0.1266, 0.1262, 0.1246],
        [0.1238, 0.1232, 0.1233, 0.1228, 0.1275, 0.1270, 0.1266, 0.1258],
        [0.1273, 0.1230, 0.1230, 0.1225, 0.1276, 0.1238, 0.1273, 0.1256],
        [0.1226, 0.1269, 0.1267, 0.1242, 0.1236, 0.1270, 0.1229, 0.1261],
        [0.1259, 0.1240, 0.1239, 0.1252, 0.1262, 0.1252, 0.1241, 0.1254],
        [0.1251, 0.1248, 0.1247, 0.1248, 0.1256, 0.1234, 0.1240, 0.1277],
        [0.1258, 0.1232, 0.1225, 0.1268, 0.1262, 0.1250, 0.1235, 0.1271],
        [0.1230, 0.1250, 0.1243, 0.1263, 0.1266, 0.1255, 0.1252, 0.1240],
        [0.1248, 0.1264, 0.1252, 0.1239, 0.1236, 0.1247, 0.1257, 0.1259],
        [0.1233, 0.1263, 0.1257, 0.1237, 0.1246, 0.1231, 0.1273, 0.1259],
        [0.1241, 0.1264, 0.1258, 0.1253, 0.1276, 0.1242, 0.1238, 0.1227]],
       device='cuda:0', grad_fn=<SoftmaxBackward>)
Input Shape:
torch.Size([32, 3, 32, 32])
Label Shape:
torch.Size([32, 3, 32, 32])



tensor(0.0646, device='cuda:0', grad_fn=<MseLossBackward>)
Input Shape:
torch.Size([32, 3, 32, 32])
Label Shape:
torch.Size([32, 3, 32, 32])



tensor(0.0982, device='cuda:0', grad_fn=<MseLossBackward>)
Input Shape:
torch.Size([32, 3, 32, 32])
Label Shape:
torch.Size([32, 3, 32, 32])



tensor(0.1090, device='cuda:0', grad_fn=<MseLossBackward>)
Input Shape:
torch.Size([32, 3, 32, 32])
Label Shape:
torch.Size([32, 3, 32, 32])



tensor(0.1246, device='cuda:0', grad_fn=<MseLossBackward>)
Input Shape:
torch.Size([32, 3, 32, 32])
Label Shape:
torch.Size([32, 3, 32, 32])



tensor(0.1031, device='cuda:0', grad_fn=<MseLossBackward>)
Input Shape:
torch.Size([32, 3, 32, 32])
Label Shape:
torch.Size([32, 3, 32, 32])



tensor(0.0818, device='cuda:0', grad_fn=<MseLossBackward>)
Input Shape:
